desc: I1 cache:         32768 B, 64 B, 8-way associative
desc: D1 cache:         32768 B, 64 B, 8-way associative
desc: LL cache:         3145728 B, 64 B, 12-way associative
cmd: ./tp2
events: Ir I1mr ILmr Dr D1mr DLmr Dw D1mw DLmw 
fl=/build/buildd/eglibc-2.19/csu/../csu/init-first.c
fn=_init
52 8 1 1 0 0 0 4 0 0
58 4 1 1 1 0 0 1 1 1
65 5 1 1 4 0 0 0 0 0
70 1 0 0 0 0 0 1 1 1
71 1 0 0 0 0 0 1 0 0
72 2 0 0 1 0 0 1 1 1
86 4 0 0 0 0 0 1 0 0
94 1 0 0 0 0 0 1 0 0
99 6 0 0 5 0 0 0 0 0
fl=/build/buildd/eglibc-2.19/csu/../sysdeps/generic/dl-hash.h
fn=_init
43 1 0 0 0 0 0 0 0 0
44 1 0 0 0 0 0 0 0 0
45 13 0 0 4 0 0 0 0 0
48 12 0 0 0 0 0 0 0 0
49 8 0 0 0 0 0 0 0 0
62 8 0 0 0 0 0 0 0 0
67 1 1 1 0 0 0 0 0 0
fl=/build/buildd/eglibc-2.19/csu/../sysdeps/unix/sysv/linux/x86_64/init-first.c
fn=_init
38 7 1 1 0 0 0 4 0 0
40 4 0 0 0 0 0 1 0 0
41 2 0 0 0 0 0 0 0 0
42 2 1 1 0 0 0 0 0 0
43 2 1 1 1 0 0 0 0 0
44 1 0 0 0 0 0 1 1 0
46 3 0 0 0 0 0 1 0 0
50 3 0 0 0 0 0 0 0 0
51 2 0 0 1 0 0 0 0 0
52 1 0 0 0 0 0 1 0 0
fl=/build/buildd/eglibc-2.19/csu/../sysdeps/x86_64/multiarch/init-arch.c
fn=__init_cpu_features
31 7 1 1 0 0 0 4 0 0
37 3 0 0 0 0 0 0 0 0
38 3 0 0 0 0 0 0 0 0
39 2 0 0 0 0 0 0 0 0
45 1 0 0 0 0 0 1 0 0
54 3 1 1 0 0 0 1 0 0
57 6 0 0 0 0 0 0 0 0
59 3 0 0 0 0 0 0 0 0
65 3 0 0 0 0 0 0 0 0
66 2 1 1 0 0 0 0 0 0
71 2 0 0 0 0 0 0 0 0
74 12 1 1 0 0 0 0 0 0
101 2 1 1 0 0 0 0 0 0
123 1 0 0 1 1 1 0 0 0
127 1 1 1 0 0 0 0 0 0
152 2 1 1 1 0 0 0 0 0
153 7 0 0 0 0 0 4 0 0
160 3 0 0 1 0 0 0 0 0
164 2 0 0 0 0 0 0 0 0
166 3 1 1 0 0 0 0 0 0
170 2 1 1 0 0 0 0 0 0
171 1 0 0 1 0 0 0 0 0
173 2 0 0 0 0 0 0 0 0
176 2 0 0 1 0 0 0 0 0
184 6 1 1 0 0 0 0 0 0
185 5 0 0 0 0 0 0 0 0
186 2 0 0 0 0 0 0 0 0
189 1 0 0 0 0 0 1 0 0
190 1 0 0 0 0 0 1 0 0
192 1 0 0 0 0 0 1 0 0
193 2 0 0 2 0 0 0 0 0
fl=/build/buildd/eglibc-2.19/csu/libc-start.c
fn=(below main)
133 10 1 1 0 0 0 8 0 0
137 7 2 2 1 0 0 1 0 0
219 2 0 0 0 0 0 0 0 0
220 4 0 0 0 0 0 1 0 0
242 6 0 0 2 0 0 0 0 0
245 2 0 0 0 0 0 0 0 0
246 5 1 1 4 0 0 1 0 0
250 4 0 0 2 0 0 0 0 0
265 2 0 0 0 0 0 0 0 0
274 2 0 0 0 0 0 1 0 0
275 2 1 1 0 0 0 0 0 0
280 2 0 0 1 1 0 1 0 0
281 2 0 0 1 1 0 1 0 0
284 2 0 0 0 0 0 1 0 0
287 6 0 0 5 0 0 1 0 0
321 2 1 0 0 0 0 1 0 0
fl=/build/buildd/eglibc-2.19/ctype/ctype-info.c
fn=__ctype_init
31 7 1 1 5 3 0 1 0 0
33 4 0 0 2 0 0 1 0 0
35 5 1 1 3 0 0 1 0 0
fl=/build/buildd/eglibc-2.19/elf/../elf/dl-runtime.c
fn=_dl_fixup
66 50 1 1 0 0 0 30 0 0
68 10 0 0 10 0 0 0 0 0
69 20 0 0 20 2 0 0 0 0
72 50 1 1 20 7 0 0 0 0
73 70 0 0 20 8 0 10 0 0
74 30 0 0 20 1 0 0 0 0
79 20 0 0 0 0 0 0 0 0
83 20 2 1 10 8 2 0 0 0
85 2 1 1 0 0 0 0 0 0
87 30 0 0 10 4 0 0 0 0
91 18 0 0 18 5 0 0 0 0
92 36 0 0 9 1 0 0 0 0
94 36 0 0 9 2 0 0 0 0
100 10 0 0 0 0 0 0 0 0
101 30 1 1 10 0 0 0 0 0
108 20 0 0 10 2 0 10 0 0
111 100 1 1 20 4 0 30 0 0
115 30 0 0 10 0 0 0 0 0
119 40 0 0 10 0 0 10 0 0
125 60 1 1 20 0 0 0 0 0
133 10 0 0 10 0 0 0 0 0
141 40 0 0 10 0 0 0 0 0
145 30 0 0 10 1 0 0 0 0
149 50 0 0 40 0 0 0 0 0
fl=/build/buildd/eglibc-2.19/elf/../elf/dl-sysdep.c
fn=_dl_sysdep_start
86 8 1 1 0 0 0 7 1 1
87 2 0 0 0 0 0 0 0 0
88 1 0 0 0 0 0 0 0 0
110 1 0 0 0 0 0 1 0 0
111 228 1 1 74 9 9 4 3 3
114 2 0 0 0 0 0 1 0 0
115 1 0 0 0 0 0 1 1 1
117 90 4 4 23 5 5 10 0 0
118 111 0 0 21 3 3 0 0 0
121 1 0 0 1 0 0 0 0 0
122 1 0 0 0 0 0 0 0 0
124 1 0 0 1 0 0 0 0 0
125 1 0 0 0 0 0 0 0 0
127 1 1 1 1 0 0 0 0 0
128 1 0 0 0 0 0 0 0 0
130 1 0 0 1 0 0 0 0 0
131 1 0 0 0 0 0 0 0 0
151 1 1 1 1 0 0 0 0 0
152 1 0 0 0 0 0 0 0 0
154 1 0 0 1 0 0 0 0 0
155 1 0 0 0 0 0 0 0 0
157 1 1 1 1 0 0 0 0 0
158 1 0 0 0 0 0 0 0 0
163 1 0 0 1 0 0 0 0 0
164 1 0 0 0 0 0 0 0 0
179 1 0 0 1 0 0 0 0 0
180 1 0 0 0 0 0 0 0 0
232 3 1 1 0 0 0 2 0 0
234 5 0 0 0 0 0 1 0 0
246 3 1 1 1 0 0 0 0 0
249 6 0 0 2 0 0 1 0 0
250 1 0 0 1 0 0 0 0 0
251 8 0 0 7 1 0 0 0 0
fn=_dl_sysdep_start_cleanup
256 1 1 1 1 0 0 0 0 0
fl=/build/buildd/eglibc-2.19/elf/../misc/sbrk.c
fn=sbrk
34 4 1 1 0 0 0 2 1 1
42 6 0 0 2 0 0 0 0 0
46 2 1 1 0 0 0 0 0 0
57 5 0 0 3 0 0 0 0 0
fl=/build/buildd/eglibc-2.19/elf/../sysdeps/unix/sysv/linux/dl-osinfo.h
fn=security_init
61 2 0 0 0 0 0 0 0 0
84 2 1 1 1 0 0 1 0 0
86 1 1 1 1 0 0 0 0 0
93 1 0 0 1 0 0 0 0 0
101 2 0 0 0 0 0 0 0 0
112 1 0 0 1 0 0 0 0 0
fl=/build/buildd/eglibc-2.19/elf/../sysdeps/unix/sysv/linux/dl-sysdep.c
fn=_dl_discover_osversion
45 7 1 1 0 0 0 6 0 0
47 3 0 0 1 0 0 0 0 0
87 5 1 1 0 0 0 1 1 1
102 1 0 0 0 0 0 0 0 0
106 1 0 0 0 0 0 0 0 0
107 1 0 0 0 0 0 0 0 0
109 12 1 1 3 1 1 0 0 0
111 6 0 0 0 0 0 0 0 0
113 17 0 0 4 1 1 0 0 0
115 1 0 0 0 0 0 0 0 0
116 2 0 0 0 0 0 0 0 0
119 3 0 0 0 0 0 0 0 0
120 3 0 0 0 0 0 0 0 0
121 3 0 0 0 0 0 0 0 0
123 13 1 1 0 0 0 0 0 0
128 2 0 0 0 0 0 0 0 0
132 8 0 0 7 0 0 0 0 0
fn=_dl_sysdep_start
35 2 0 0 0 0 0 1 0 0
fl=/build/buildd/eglibc-2.19/elf/../sysdeps/unix/sysv/linux/dl-vdso.c
fn=_dl_vdso_vsym
26 4 0 0 0 0 0 0 0 0
27 8 1 1 8 1 0 0 0 0
28 8 1 1 4 0 0 0 0 0
31 8 0 0 0 0 0 0 0 0
fl=/build/buildd/eglibc-2.19/elf/../sysdeps/unix/sysv/linux/x86_64/brk.c
fn=brk
28 1 0 0 0 0 0 0 0 0
31 7 1 1 0 0 0 1 1 1
33 2 0 0 0 0 0 0 0 0
39 1 0 0 0 0 0 0 0 0
40 1 0 0 1 0 0 0 0 0
fl=/build/buildd/eglibc-2.19/elf/../sysdeps/x86_64/dl-machine.h
fn=_dl_fixup
210 10 0 0 0 0 0 10 0 0
fn=_dl_relocate_object
71 16 1 1 4 0 0 0 0 0
77 6 1 1 6 2 0 0 0 0
81 9 0 0 3 3 2 0 0 0
87 3 0 0 0 0 0 3 0 0
95 9 1 1 3 0 0 0 0 0
108 6 0 0 0 0 0 3 0 0
111 12 0 0 3 2 0 0 0 0
244 204 0 0 0 0 0 0 0 0
265 204 1 1 0 0 0 0 0 0
269 204 0 0 0 0 0 0 0 0
276 4088 10 10 811 84 73 718 3 0
278 465 0 0 192 0 0 0 0 0
281 384 1 1 96 0 0 0 0 0
287 714 0 0 102 3 3 0 0 0
320 2 0 0 0 0 0 0 0 0
321 3 1 1 1 0 0 1 0 0
382 30 1 1 10 0 0 0 0 0
386 50 0 0 10 1 0 0 0 0
391 50 1 1 20 1 1 10 8 8
410 267 1 1 89 10 9 89 11 6
422 18 1 1 0 0 0 6 0 0
449 6 0 0 2 0 0 0 0 0
453 12 1 1 6 0 0 2 0 0
455 6 0 0 4 0 0 0 0 0
456 2 0 0 0 0 0 0 0 0
487 3582 0 0 1194 298 298 0 0 0
492 2388 1 1 0 0 0 0 0 0
493 3582 0 0 1194 150 150 1194 227 225
503 51 0 0 28 0 0 0 0 0
507 46 0 0 0 0 0 0 0 0
509 69 0 0 23 0 0 0 0 0
510 23 0 0 23 3 2 0 0 0
527 10 0 0 10 0 0 0 0 0
529 5 0 0 0 0 0 5 0 0
530 5 0 0 0 0 0 5 0 0
fn=_dl_start
58 3 0 0 1 1 1 0 0 0
241 9 0 0 0 0 0 0 0 0
269 18 0 0 0 0 0 0 0 0
278 36 0 0 18 2 2 0 0 0
281 36 0 0 9 5 5 0 0 0
287 55 0 0 9 2 2 0 0 0
391 9 1 1 9 1 1 0 0 0
400 9 0 0 0 0 0 9 2 2
492 20 0 0 10 1 1 0 0 0
493 30 0 0 10 1 1 10 2 2
fn=_dl_sysdep_start
200 5 0 0 2 1 1 0 0 0
fl=/build/buildd/eglibc-2.19/elf/../sysdeps/x86_64/dl-trampoline.S
fn=_dl_runtime_resolve
34 10 2 1 0 0 0 0 0 0
36 10 0 0 0 0 0 10 0 0
37 10 0 0 0 0 0 10 0 0
38 10 0 0 0 0 0 10 0 0
39 10 0 0 0 0 0 10 0 0
40 10 0 0 0 0 0 10 0 0
41 10 1 1 0 0 0 10 0 0
42 10 0 0 0 0 0 10 0 0
43 10 0 0 10 0 0 0 0 0
44 10 0 0 10 0 0 0 0 0
45 10 0 0 0 0 0 10 0 0
46 10 0 0 0 0 0 0 0 0
47 10 0 0 10 0 0 0 0 0
48 10 0 0 10 0 0 0 0 0
49 10 0 0 10 0 0 0 0 0
50 10 0 0 10 0 0 0 0 0
51 10 0 0 10 0 0 0 0 0
52 10 0 0 10 0 0 0 0 0
53 10 0 0 10 0 0 0 0 0
54 10 0 0 0 0 0 0 0 0
56 10 1 1 0 0 0 0 0 0
fl=/build/buildd/eglibc-2.19/elf/dl-addr.c
fn=_dl_addr
30 2 0 0 1 0 0 1 0 0
31 2 0 0 1 0 0 1 0 0
34 2 0 0 1 0 0 0 0 0
38 1 0 0 1 0 0 0 0 0
39 1 0 0 1 0 0 0 0 0
40 3 1 1 2 0 0 1 0 0
42 2 0 0 2 0 0 0 0 0
45 2 0 0 1 1 0 0 0 0
50 2029 0 0 2 0 0 0 0 0
52 1011 1 1 1011 59 22 0 0 0
53 2022 0 0 0 0 0 0 0 0
55 4927 0 0 905 0 0 0 0 0
61 11060 0 0 2212 471 431 0 0 0
63 8848 1 1 2212 0 0 0 0 0
64 16231 0 0 5080 353 320 0 0 0
69 2212 0 0 0 0 0 0 0 0
71 7647 1 1 2212 133 83 0 0 0
99 3 0 0 1 1 0 0 0 0
100 1 0 0 0 0 0 1 1 0
101 3 1 1 1 1 0 0 0 0
104 2 0 0 0 0 0 0 0 0
116 1 1 1 0 0 0 1 0 0
117 1 0 0 0 0 0 1 0 0
126 11 1 1 0 0 0 8 0 0
131 3 1 1 2 1 0 1 0 0
133 2 0 0 0 0 0 1 0 0
135 2 0 0 0 0 0 0 0 0
138 2 1 1 0 0 0 0 0 0
141 3 0 0 2 2 0 1 0 0
144 9 1 1 7 0 0 0 0 0
fl=/build/buildd/eglibc-2.19/elf/dl-altinit.c
fn=dlinit_alt
33 3 0 0 2 0 0 0 0 0
34 1 0 0 1 0 0 0 0 0
fl=/build/buildd/eglibc-2.19/elf/dl-cache.c
fn=_dl_cache_libcmp
138 27 1 1 18 9 9 0 0 0
139 92 0 0 0 0 0 0 0 0
141 135 0 0 0 0 0 0 0 0
143 47 0 0 0 0 0 0 0 0
149 3 1 1 0 0 0 0 0 0
150 2 0 0 0 0 0 0 0 0
151 4 0 0 1 0 0 0 0 0
153 5 1 1 1 0 0 0 0 0
155 2 0 0 0 0 0 0 0 0
161 88 1 1 0 0 0 0 0 0
163 160 0 0 72 1 1 0 0 0
164 8 0 0 0 0 0 0 0 0
167 36 0 0 0 0 0 0 0 0
168 36 0 0 0 0 0 0 0 0
171 2 0 0 0 0 0 0 0 0
172 18 0 0 9 0 0 0 0 0
fn=_dl_load_cache_lookup
182 8 1 1 0 0 0 6 0 0
190 2 0 0 1 0 0 0 0 0
193 3 0 0 1 0 0 0 0 0
196 5 1 1 0 0 0 1 0 0
204 5 0 0 1 0 0 0 0 0
205 6 1 1 0 0 0 1 0 0
209 1 0 0 0 0 0 1 0 0
212 4 0 0 1 0 0 0 0 0
215 2 0 0 0 0 0 1 0 0
216 3 0 0 0 0 0 0 0 0
217 5 1 1 0 0 0 1 0 0
219 2 0 0 0 0 0 0 0 0
244 3 1 1 1 0 0 0 0 0
253 5 0 0 2 0 0 1 0 0
259 4 0 0 0 0 0 2 0 0
263 7 1 1 2 0 0 2 0 0
264 6 0 0 3 0 0 0 0 0
278 211 9 9 28 8 8 10 0 0
294 2 1 1 1 0 0 0 0 0
299 9 0 0 7 0 0 0 0 0
fn=_dl_unload_cache
308 1 0 0 0 0 0 0 0 0
309 4 1 1 1 1 0 0 0 0
311 2 0 0 1 1 0 1 0 0
312 1 0 0 0 0 0 1 0 0
314 2 0 0 1 0 0 0 0 0
fl=/build/buildd/eglibc-2.19/elf/dl-debug.c
fn=_dl_debug_initialize
50 8 1 1 0 0 0 0 0 0
51 4 1 1 4 0 0 0 0 0
55 14 0 0 4 1 0 0 0 0
58 1 0 0 0 0 0 1 0 0
59 2 0 0 0 0 0 1 0 0
60 6 0 0 2 0 0 1 0 0
61 2 0 0 0 0 0 1 0 0
fn=_dl_debug_state
74 2 1 1 2 0 0 0 0 0
fl=/build/buildd/eglibc-2.19/elf/dl-deps.c
fn=_dl_map_object_deps
147 11 2 2 0 0 0 9 0 0
148 9 0 0 0 0 0 1 0 0
160 6 0 0 0 0 0 2 0 0
161 2 0 0 0 0 0 2 0 0
162 10 0 0 0 0 0 3 0 0
164 1 0 0 0 0 0 0 0 0
168 8 1 1 2 0 0 2 0 0
178 8 1 1 1 0 0 0 0 0
179 1 0 0 1 0 0 0 0 0
182 3 1 1 0 0 0 2 0 0
188 1 0 0 0 0 0 1 0 0
189 1 0 0 0 0 0 1 0 0
201 2 0 0 1 0 0 1 0 0
202 1 0 0 0 0 0 0 0 0
203 1 0 0 0 0 0 1 0 0
204 2 0 0 0 0 0 2 0 0
209 4 0 0 0 0 0 0 0 0
210 4 1 1 0 0 0 0 0 0
213 4 0 0 0 0 0 4 0 0
217 16 1 1 8 0 0 0 0 0
218 17 1 1 7 0 0 0 0 0
220 2 0 0 0 0 0 0 0 0
222 6 0 0 4 0 0 0 0 0
224 26 1 1 2 0 0 4 0 0
229 16 1 1 8 0 0 0 0 0
231 6 0 0 4 0 0 2 0 0
236 2 0 0 0 0 0 2 0 0
237 2 0 0 0 0 0 2 0 0
238 4 0 0 2 0 0 2 0 0
239 4 0 0 2 0 0 2 0 0
242 206 0 0 54 0 0 2 0 0
243 96 0 0 0 0 0 0 0 0
249 14 1 1 4 0 0 2 0 0
251 2 0 0 0 0 0 2 0 0
254 12 1 1 8 0 0 2 0 0
256 6 0 0 2 0 0 0 0 0
271 2 0 0 2 0 0 0 0 0
273 4 0 0 2 0 0 0 0 0
278 6 0 0 0 0 0 0 0 0
281 2 0 0 0 0 0 2 0 0
282 2 1 1 0 0 0 2 0 0
283 2 0 0 0 0 0 2 0 0
284 4 0 0 2 0 0 2 0 0
286 8 0 0 2 0 0 2 0 0
288 10 0 0 2 0 0 4 0 0
292 4 0 0 0 0 0 0 0 0
293 3 0 0 0 0 0 1 0 0
295 138 1 1 0 0 0 0 0 0
343 9 1 1 0 0 0 4 0 0
471 8 1 1 0 0 0 0 0 0
473 6 0 0 0 0 0 2 0 0
475 4 0 0 0 0 0 2 0 0
476 4 0 0 0 0 0 0 0 0
477 4 1 1 0 0 0 0 0 0
480 2 0 0 0 0 0 2 0 0
481 12 0 0 0 0 0 2 0 0
482 10 0 0 0 0 0 2 0 0
485 2 0 0 0 0 0 2 0 0
486 2 0 0 2 0 0 0 0 0
490 16 1 1 8 0 0 0 0 0
492 4 0 0 4 0 0 0 0 0
493 17 0 0 3 0 0 0 0 0
497 6 1 1 2 0 0 0 0 0
498 2 0 0 1 0 0 1 0 0
501 5 0 0 2 0 0 1 0 0
511 2 0 0 0 0 0 1 0 0
512 3 1 1 1 0 0 0 0 0
514 2 0 0 0 0 0 0 0 0
519 7 1 1 2 0 0 1 0 0
520 4 0 0 1 0 0 1 0 0
522 23 0 0 9 0 0 1 0 0
528 12 1 1 4 0 0 4 1 1
532 8 0 0 8 0 0 0 0 0
535 2 0 0 1 0 0 0 0 0
586 6 1 1 3 0 0 1 0 0
587 1 0 0 0 0 0 1 0 0
588 3 0 0 1 0 0 0 0 0
623 7 1 1 1 0 0 2 0 0
625 3 0 0 0 0 0 0 0 0
629 16 0 0 6 0 0 3 0 0
630 8 1 1 0 0 0 2 0 0
631 3 1 1 1 0 0 1 0 0
635 3 0 0 3 0 0 0 0 0
636 6 0 0 3 0 0 0 0 0
642 17 1 1 3 0 0 0 0 0
644 12 0 0 6 0 0 0 0 0
645 8 0 0 0 0 0 0 0 0
647 9 0 0 3 0 0 0 0 0
648 6 0 0 0 0 0 0 0 0
658 2 1 1 2 0 0 0 0 0
670 3 1 1 0 0 0 0 0 0
673 9 0 0 3 0 0 0 0 0
676 35 0 0 9 0 0 9 0 0
683 2 1 1 1 0 0 1 0 0
685 2 0 0 1 0 0 1 0 0
686 1 0 0 1 0 0 0 0 0
687 3 0 0 1 0 0 0 0 0
694 3 0 0 1 0 0 0 0 0
697 2 0 0 0 0 0 0 0 0
700 8 0 0 7 0 0 0 0 0
fn=openaux
60 4 1 1 0 0 0 2 0 0
63 20 1 1 8 0 0 4 0 0
64 4 0 0 2 0 0 0 0 0
67 2 0 0 2 0 0 0 0 0
68 4 0 0 4 0 0 0 0 0
fl=/build/buildd/eglibc-2.19/elf/dl-environ.c
fn=_dl_next_ld_env_entry
30 3 1 1 3 0 0 0 0 0
31 1 0 0 0 0 0 0 0 0
33 221 0 0 73 0 0 0 0 0
35 144 0 0 72 37 37 0 0 0
36 22 1 1 10 0 0 0 0 0
38 2 0 0 0 0 0 0 0 0
41 4 0 0 0 0 0 2 0 0
43 2 0 0 2 0 0 0 0 0
46 70 0 0 0 0 0 0 0 0
50 1 0 0 1 0 0 0 0 0
fl=/build/buildd/eglibc-2.19/elf/dl-error.c
fn=_dl_catch_error
163 12 1 1 0 0 0 9 0 0
175 6 0 0 0 0 0 6 3 3
176 6 0 0 0 0 0 6 1 1
177 6 0 0 0 0 0 6 0 0
178 6 0 0 0 0 0 3 0 0
180 6 0 0 3 0 0 6 1 1
181 6 0 0 3 0 0 3 0 0
182 6 1 1 0 0 0 3 0 0
185 18 0 0 0 0 0 3 0 0
187 9 0 0 6 0 0 3 0 0
188 9 0 0 6 0 0 3 0 0
189 6 0 0 3 0 0 3 0 0
190 6 1 1 3 0 0 3 0 0
191 6 0 0 3 0 0 3 0 0
199 12 0 0 6 0 0 0 0 0
fn=_dl_receive_error
205 10 1 1 0 0 0 6 0 0
206 2 0 0 1 0 0 1 0 0
210 1 0 0 1 0 0 0 0 0
211 1 0 0 1 0 0 0 0 0
214 1 0 0 0 0 0 1 0 0
215 1 0 0 0 0 0 1 0 0
217 2 0 0 0 0 0 1 0 0
219 1 1 1 0 0 0 1 0 0
220 1 0 0 0 0 0 1 0 0
221 8 0 0 7 0 0 0 0 0
fl=/build/buildd/eglibc-2.19/elf/dl-fini.c
fn=_dl_fini
131 8 1 1 0 0 0 6 0 0
143 1 0 0 0 0 0 0 0 0
144 1 1 1 0 0 0 1 0 0
150 1 0 0 0 0 0 1 0 0
153 12 0 0 2 0 0 2 0 0
156 2 1 1 1 0 0 1 0 0
159 2 0 0 2 1 0 0 0 0
162 2 0 0 0 0 0 0 0 0
164 6 1 1 3 0 0 0 0 0
171 2 0 0 1 0 0 0 0 0
175 4 0 0 1 0 0 0 0 0
177 2 0 0 1 0 0 0 0 0
180 9 1 1 0 0 0 1 0 0
183 2 0 0 0 0 0 1 0 0
191 12 0 0 4 0 0 0 0 0
193 8 0 0 4 0 0 0 0 0
195 8 0 0 4 0 0 0 0 0
197 12 1 1 4 0 0 4 0 0
198 4 0 0 0 0 0 4 2 0
199 4 0 0 4 0 0 0 0 0
203 4 0 0 4 0 0 0 0 0
205 2 0 0 1 0 0 0 0 0
210 6 0 0 2 0 0 1 0 0
219 2 1 1 1 0 0 1 0 0
223 13 1 1 5 0 0 0 0 0
225 4 0 0 4 0 0 0 0 0
227 12 0 0 4 0 0 0 0 0
230 8 0 0 0 0 0 4 0 0
233 12 0 0 4 2 0 0 0 0
234 4 1 1 2 2 0 0 0 0
237 4 1 1 2 0 0 0 0 0
244 4 0 0 0 0 0 0 0 0
248 4 0 0 4 1 0 0 0 0
249 2 0 0 2 0 0 0 0 0
250 4 0 0 2 0 0 0 0 0
251 12 1 1 0 0 0 0 0 0
252 4 0 0 2 2 0 2 0 0
256 6 0 0 2 2 0 0 0 0
257 6 0 0 4 2 0 2 0 0
262 24 0 0 8 1 0 0 0 0
278 8 0 0 4 0 0 0 0 0
283 6 0 0 2 0 0 0 0 0
289 2 1 1 1 0 0 0 0 0
296 8 1 1 7 0 0 0 0 0
fn=_dl_sort_fini
32 13 1 1 0 0 0 10 0 0
34 2 0 0 0 0 0 0 0 0
39 4 0 0 0 0 0 1 0 0
40 6 1 1 0 0 0 1 0 0
41 3 0 0 1 0 0 1 0 0
45 9 0 0 3 0 0 3 0 0
46 9 0 0 3 0 0 0 0 0
50 15 0 0 6 0 0 0 0 0
56 14 1 1 4 0 0 1 0 0
57 14 0 0 0 0 0 0 0 0
59 12 1 1 6 1 0 0 0 0
60 8 0 0 0 0 0 0 0 0
62 9 0 0 3 1 0 0 0 0
63 6 0 0 0 0 0 0 0 0
93 9 1 1 3 0 0 0 0 0
114 3 0 0 0 0 0 0 0 0
118 16 0 0 3 0 0 0 0 0
121 27 1 1 11 0 0 6 0 0
125 8 0 0 7 0 0 0 0 0
fl=/build/buildd/eglibc-2.19/elf/dl-hwcaps.c
fn=_dl_important_hwcaps
39 12 1 1 0 0 0 10 1 1
41 1 0 0 1 0 0 0 0 0
42 4 0 0 0 0 0 1 0 0
51 3 1 1 1 0 0 0 0 0
61 4 1 1 1 0 0 1 0 0
92 2 1 1 0 0 0 0 0 0
113 1 1 1 0 0 0 0 0 0
115 5 0 0 0 0 0 1 0 0
130 6 0 0 0 0 0 0 0 0
131 2 0 0 0 0 0 0 0 0
133 2 0 0 0 0 0 0 0 0
145 2 1 1 0 0 0 0 0 0
162 2 1 1 0 0 0 0 0 0
170 2 1 1 1 0 0 0 0 0
172 4 0 0 1 0 0 1 0 0
173 4 1 1 1 0 0 1 0 0
177 3 0 0 0 0 0 1 0 0
178 1 0 0 0 0 0 1 0 0
181 2 0 0 0 0 0 0 0 0
184 2 0 0 0 0 0 0 0 0
188 12 1 1 2 0 0 3 0 0
189 2 0 0 0 0 0 0 0 0
207 12 2 2 1 0 0 6 0 0
208 5 0 0 0 0 0 1 0 0
209 4 0 0 2 0 0 0 0 0
238 3 0 0 0 0 0 2 0 0
241 2 0 0 0 0 0 0 0 0
243 5 2 2 2 0 0 2 0 0
244 7 0 0 2 0 0 4 0 0
269 19 2 2 3 0 0 0 0 0
270 8 0 0 0 0 0 4 0 0
274 12 0 0 0 0 0 0 0 0
277 28 0 0 0 0 0 0 0 0
278 24 1 1 0 0 0 0 0 0
279 12 0 0 8 0 0 0 0 0
281 4 0 0 0 0 0 0 0 0
284 3 0 0 1 0 0 0 0 0
285 1 0 0 0 0 0 0 0 0
286 12 2 2 3 0 0 0 0 0
299 6 0 0 2 0 0 2 0 0
300 2 0 0 0 0 0 0 0 0
302 4 0 0 0 0 0 0 0 0
305 3 0 0 2 0 0 1 0 0
307 1 0 0 0 0 0 0 0 0
308 8 0 0 7 0 0 0 0 0
fl=/build/buildd/eglibc-2.19/elf/dl-init.c
fn=_dl_init
36 26 2 2 5 0 0 4 0 0
86 11 2 2 0 0 0 6 0 0
87 1 0 0 1 1 0 0 0 0
88 1 0 0 1 0 0 0 0 0
91 3 0 0 1 0 0 0 0 0
94 2 0 0 0 0 0 1 0 0
98 4 0 0 1 0 0 0 0 0
125 15 0 0 0 0 0 0 0 0
126 12 0 0 8 0 0 0 0 0
132 8 0 0 7 0 0 0 0 0
fn=call_init.part.0
34 36 0 0 0 0 0 20 1 0
42 12 1 1 4 0 0 4 0 0
45 16 0 0 8 1 0 0 0 0
46 3 0 0 0 0 0 0 0 0
50 9 0 0 3 3 0 0 0 0
51 2 0 0 1 1 0 0 0 0
55 4 0 0 2 0 0 0 0 0
63 4 0 0 0 0 0 0 0 0
64 12 0 0 4 2 0 2 0 0
67 2 1 1 2 2 0 0 0 0
68 4 0 0 0 0 0 0 0 0
74 6 0 0 4 1 0 0 0 0
76 4 0 0 4 0 0 0 0 0
77 16 1 1 0 0 0 0 0 0
78 15 0 0 3 0 0 3 0 0
80 24 0 0 24 0 0 0 0 0
fl=/build/buildd/eglibc-2.19/elf/dl-load.c
fn=_dl_init_paths
714 9 1 1 0 0 0 6 0 0
727 6 1 1 2 0 0 2 0 0
731 1 0 0 0 0 0 1 0 0
732 3 0 0 0 0 0 1 0 0
733 2 0 0 0 0 0 0 0 0
740 5 1 1 0 0 0 0 0 0
741 5 0 0 1 0 0 2 0 0
744 1 0 0 0 0 0 1 0 0
745 2 0 0 0 0 0 1 0 0
747 3 0 0 1 0 0 0 0 0
753 1 0 0 0 0 0 1 0 0
754 1 0 0 0 0 0 1 0 0
762 13 0 0 0 0 0 3 1 1
764 8 1 1 0 0 0 4 0 0
765 7 1 1 0 0 0 4 3 3
767 8 0 0 0 0 0 4 0 0
768 14 0 0 3 1 1 4 1 1
769 33 0 0 4 0 0 13 0 0
772 9 1 1 3 1 1 0 0 0
776 27 1 1 15 0 0 5 0 0
782 1 1 1 0 0 0 1 1 1
783 1 0 0 0 0 0 1 0 0
787 1 1 1 1 0 0 0 0 0
788 2 0 0 0 0 0 0 0 0
790 4 0 0 1 0 0 0 0 0
792 3 0 0 1 0 0 0 0 0
809 1 0 0 0 0 0 1 0 0
811 3 1 1 1 0 0 0 0 0
825 2 1 1 0 0 0 1 0 0
830 4 2 2 1 0 0 0 0 0
838 5 0 0 0 0 0 1 0 0
840 11 1 1 0 0 0 2 0 0
856 2 0 0 0 0 0 0 0 0
857 46 1 1 15 0 0 0 0 0
859 14 0 0 0 0 0 0 0 0
860 42 0 0 0 0 0 0 0 0
861 14 0 0 0 0 0 0 0 0
864 1 0 0 0 0 0 1 0 0
865 1 0 0 0 0 0 1 0 0
866 2 0 0 0 0 0 0 0 0
872 8 0 0 1 0 0 2 0 0
876 3 1 1 2 0 0 0 0 0
882 1 0 0 0 0 0 1 0 0
886 8 0 0 7 0 0 0 0 0
fn=_dl_map_object
161 4 0 0 0 0 0 2 0 0
162 2 0 0 0 0 0 1 0 0
164 3 0 0 1 0 0 0 0 0
167 4 1 1 1 0 0 1 0 0
691 9 1 1 3 0 0 0 0 0
2317 30 2 2 0 0 0 24 2 2
2324 6 0 0 0 0 0 0 0 0
2325 6 0 0 3 1 1 0 0 0
2328 45 1 1 9 0 0 0 0 0
2333 21 0 0 7 0 0 0 0 0
2334 14 0 0 0 0 0 0 0 0
2336 36 0 0 0 0 0 7 0 0
2340 12 0 0 6 0 0 0 0 0
2341 18 1 1 6 0 0 0 0 0
2344 2 0 0 2 0 0 0 0 0
2345 4 0 0 4 0 0 0 0 0
2346 8 1 1 0 0 0 2 0 0
2362 4 1 1 2 0 0 0 0 0
2372 12 1 1 2 0 0 2 0 0
2396 2 0 0 0 0 0 2 1 1
2398 10 0 0 0 0 0 2 0 0
2402 4 1 1 0 0 0 2 0 0
2404 2 0 0 1 0 0 0 0 0
2411 4 1 1 1 0 0 0 0 0
2415 2 1 1 1 0 0 1 0 0
2416 3 0 0 0 0 0 1 0 0
2420 3 1 1 1 0 0 0 0 0
2421 1 0 0 0 0 0 0 0 0
2423 11 1 1 0 0 0 4 0 0
2435 4 1 1 3 0 0 0 0 0
2436 7 1 1 2 0 0 0 0 0
2437 1 1 1 0 0 0 0 0 0
2446 2 0 0 1 0 0 0 0 0
2447 18 1 1 2 0 0 4 0 0
2453 6 0 0 0 0 0 2 0 0
2454 1 1 1 0 0 0 0 0 0
2456 2 1 1 1 0 0 1 0 0
2462 4 0 0 0 0 0 1 0 0
2464 3 0 0 1 0 0 0 0 0
2468 3 0 0 0 0 0 2 0 0
2470 2 0 0 0 0 0 0 0 0
2474 3 1 1 1 0 0 0 0 0
2482 2 0 0 1 0 0 0 0 0
2504 9 1 1 2 0 0 1 0 0
2507 3 0 0 0 0 0 1 0 0
2509 1 0 0 0 0 0 1 0 0
2510 3 0 0 1 0 0 0 0 0
2530 2 1 1 1 0 0 0 0 0
2536 1 0 0 0 0 0 1 0 0
2538 6 0 0 0 0 0 1 0 0
2539 3 1 1 0 0 0 0 0 0
2540 1 0 0 0 0 0 0 0 0
2543 7 0 0 0 0 0 1 0 0
2546 2 0 0 0 0 0 0 0 0
2558 8 0 0 2 0 0 0 0 0
2560 4 1 1 0 0 0 0 0 0
2604 4 0 0 2 0 0 2 0 0
2605 24 1 1 4 0 0 8 0 0
2607 24 0 0 21 0 0 0 0 0
fn=_dl_map_object_from_fd
474 2 1 1 1 0 0 0 0 0
923 30 1 1 0 0 0 20 2 2
934 8 1 1 2 0 0 4 1 1
935 2 0 0 0 0 0 2 0 0
938 12 0 0 0 0 0 2 0 0
949 29 1 1 9 0 0 0 0 0
950 26 0 0 14 1 1 0 0 0
967 4 1 1 2 0 0 0 0 0
992 4 0 0 2 0 0 0 0 0
1002 4 1 1 2 0 0 0 0 0
1024 8 0 0 4 0 0 0 0 0
1056 4 0 0 0 0 0 0 0 0
1059 16 1 1 8 0 0 2 0 0
1060 4 0 0 0 0 0 0 0 0
1071 6 0 0 4 0 0 2 2 2
1072 6 0 0 4 0 0 2 0 0
1073 4 1 1 2 0 0 2 0 0
1075 10 0 0 0 0 0 0 0 0
1076 8 0 0 4 0 0 0 0 0
1077 2 0 0 0 0 0 0 0 0
1092 2 1 1 0 0 0 2 0 0
1101 24 1 1 4 0 0 6 0 0
1102 2 0 0 0 0 0 0 0 0
1103 2 0 0 0 0 0 0 0 0
1109 142 0 0 0 0 0 0 0 0
1110 136 2 2 17 0 0 0 0 0
1116 4 0 0 2 0 0 2 0 0
1117 6 0 0 2 0 0 2 0 0
1118 2 0 0 0 0 0 0 0 0
1121 2 0 0 1 0 0 1 0 0
1122 1 0 0 0 0 0 0 0 0
1127 20 2 2 8 0 0 0 0 0
1133 24 0 0 8 0 0 0 0 0
1134 4 0 0 0 0 0 0 0 0
1141 20 0 0 4 0 0 0 0 0
1142 16 0 0 0 0 0 4 2 2
1143 12 0 0 4 0 0 0 0 0
1144 8 0 0 0 0 0 4 2 2
1145 4 0 0 0 0 0 4 0 0
1146 8 1 1 4 0 0 4 0 0
1147 8 0 0 0 0 0 4 0 0
1151 8 0 0 0 0 0 0 0 0
1152 6 0 0 2 0 0 0 0 0
1157 28 1 1 4 0 0 4 0 0
1167 4 0 0 0 0 0 0 0 0
1170 3 0 0 1 0 0 0 0 0
1174 1 0 0 0 0 0 1 1 1
1175 2 1 1 1 0 0 1 0 0
1176 2 0 0 0 0 0 0 0 0
1177 1 0 0 0 0 0 0 0 0
1179 3 0 0 1 0 0 1 1 1
1180 2 0 0 1 0 0 1 0 0
1183 2 0 0 1 0 0 1 0 0
1187 4 0 0 1 0 0 0 0 0
1193 3 0 0 1 0 0 2 1 1
1194 1 0 0 0 0 0 0 0 0
1198 8 0 0 2 0 0 2 0 0
1206 10 0 0 0 0 0 0 0 0
1250 4 1 1 2 0 0 2 0 0
1251 8 0 0 0 0 0 0 0 0
1254 4 1 1 2 0 0 2 0 0
1255 6 0 0 4 0 0 2 0 0
1256 2 0 0 0 0 0 0 0 0
1259 6 0 0 0 0 0 0 0 0
1272 16 1 1 10 0 0 2 0 0
1274 4 0 0 2 0 0 0 0 0
1288 2 0 0 2 0 0 0 0 0
1293 14 1 1 8 0 0 4 1 1
1297 4 0 0 0 0 0 0 0 0
1304 6 0 0 2 0 0 2 0 0
1305 6 1 1 4 0 0 2 0 0
1307 4 0 0 0 0 0 0 0 0
1313 12 0 0 2 0 0 2 0 0
1314 2 1 1 2 0 0 0 0 0
1317 2 0 0 2 0 0 0 0 0
1319 2 0 0 2 0 0 0 0 0
1340 20 0 0 4 0 0 0 0 0
1342 8 1 1 4 0 0 0 0 0
1344 20 0 0 8 0 0 2 0 0
1352 12 0 0 4 0 0 0 0 0
1353 6 1 1 4 0 0 2 0 0
1355 8 0 0 4 0 0 0 0 0
1356 5 1 1 3 0 0 0 0 0
1357 6 0 0 2 0 0 0 0 0
1358 5 1 1 1 0 0 0 0 0
1360 4 0 0 0 0 0 1 0 0
1363 16 0 0 8 0 0 0 0 0
1369 4 0 0 2 0 0 0 0 0
1370 2 0 0 0 0 0 0 0 0
1371 10 0 0 2 0 0 0 0 0
1372 4 1 1 0 0 0 0 0 0
1379 4 0 0 0 0 0 0 0 0
1382 4 0 0 0 0 0 0 0 0
1393 14 0 0 0 0 0 6 0 0
1394 10 0 0 6 0 0 0 0 0
1399 4 0 0 0 0 0 0 0 0
1403 8 0 0 1 0 0 1 0 0
1406 2 0 0 0 0 0 0 0 0
1414 4 1 1 0 0 0 0 0 0
1418 8 1 1 4 0 0 0 0 0
1427 6 0 0 2 0 0 2 0 0
1433 4 0 0 0 0 0 0 0 0
1449 6 1 1 2 0 0 0 0 0
1468 4 0 0 2 0 0 2 0 0
1470 10 0 0 4 0 0 0 0 0
1525 6 0 0 2 1 1 0 0 0
1526 2 0 0 1 0 0 1 0 0
1529 8 1 1 2 0 0 2 0 0
1537 14 1 1 2 0 0 0 0 0
1540 8 1 1 4 0 0 2 0 0
1542 4 0 0 2 0 0 0 0 0
1558 4 0 0 0 0 0 2 0 0
1562 4 0 0 2 0 0 0 0 0
1563 4 0 0 2 0 0 0 0 0
1580 4 1 1 2 0 0 0 0 0
1581 1 0 0 0 0 0 1 0 0
1584 4 0 0 2 0 0 2 0 0
1585 4 0 0 2 0 0 2 0 0
1589 4 0 0 2 0 0 0 0 0
1599 6 1 1 2 0 0 2 0 0
1603 8 0 0 2 0 0 0 0 0
1623 16 0 0 14 0 0 0 0 0
fn=expand_dynamic_string_token
161 6 0 0 0 0 0 2 0 0
162 4 1 1 0 0 0 2 0 0
164 4 0 0 0 0 0 0 0 0
167 8 0 0 0 0 0 0 0 0
415 16 1 1 0 0 0 10 0 0
425 10 0 0 0 0 0 2 0 0
440 10 0 0 10 0 0 0 0 0
fn=fillin_rpath
486 17 1 1 0 0 0 12 0 0
488 1 0 0 0 0 0 0 0 0
491 7 1 1 0 0 0 2 0 0
495 5 0 0 1 0 0 1 0 0
497 3 0 0 0 0 0 1 0 0
501 2 0 0 0 0 0 0 0 0
508 8 2 2 1 0 0 0 0 0
513 2 0 0 0 0 0 1 0 0
516 5 0 0 1 0 0 0 0 0
523 18 1 1 5 0 0 1 0 0
524 8 0 0 4 0 0 0 0 0
542 4 2 2 1 0 0 1 0 0
545 2 0 0 0 0 0 1 0 0
546 4 1 1 2 0 0 1 0 0
547 4 0 0 0 0 0 2 0 0
548 4 1 1 2 0 0 0 0 0
552 1 0 0 0 0 0 1 1 1
553 1 0 0 0 0 0 0 0 0
554 5 0 0 0 0 0 3 0 0
555 1 0 0 0 0 0 1 0 0
557 3 0 0 2 0 0 0 0 0
563 4 1 1 1 0 0 0 0 0
564 14 0 0 0 0 0 0 0 0
565 10 1 1 0 0 0 2 0 0
567 2 0 0 1 0 0 1 0 0
568 2 0 0 1 0 0 0 0 0
573 2 1 1 0 0 0 1 0 0
575 2 1 1 1 0 0 1 0 0
576 1 0 0 0 0 0 1 0 0
579 3 0 0 0 0 0 1 0 0
581 4 1 1 2 0 0 1 0 0
585 1 0 0 0 0 0 1 0 0
588 9 0 0 7 0 0 0 0 0
fn=open_path
2168 14 2 2 0 0 0 12 0 0
2169 2 0 0 1 0 0 1 0 0
2172 1 0 0 0 0 0 1 0 0
2173 1 1 1 0 0 0 1 0 0
2175 2 0 0 0 0 0 0 0 0
2180 8 0 0 2 0 0 0 0 0
2183 1 0 0 1 0 0 0 0 0
2187 2 0 0 0 0 0 0 0 0
2192 2 0 0 1 0 0 0 0 0
2199 5 0 0 2 0 0 2 0 0
2200 16 1 1 1 0 0 0 0 0
2203 8 1 1 4 0 0 0 0 0
2207 52 1 1 24 0 0 8 0 0
2210 4 0 0 0 0 0 0 0 0
2213 8 0 0 4 0 0 0 0 0
2216 28 1 1 16 0 0 4 0 0
2218 12 0 0 4 0 0 0 0 0
2220 8 0 0 0 0 0 0 0 0
2225 8 1 1 4 0 0 0 0 0
2226 36 0 0 16 0 0 0 0 0
2232 17 1 1 5 0 0 5 0 0
2234 24 1 1 4 0 0 4 0 0
2235 2 0 0 1 0 0 0 0 0
2237 21 1 1 4 0 0 4 0 0
2244 8 0 0 0 0 0 0 0 0
2254 2 0 0 0 0 0 1 0 0
2282 1 0 0 0 0 0 0 0 0
2285 5 0 0 1 0 0 0 0 0
2290 1 1 1 1 0 0 0 0 0
2292 4 0 0 3 0 0 0 0 0
2295 3 0 0 1 0 0 0 0 0
2309 11 1 1 7 0 0 0 0 0
fn=open_verify
1873 12 2 2 0 0 0 8 1 1
1909 3 0 0 1 0 0 0 0 0
1930 5 0 0 1 0 0 2 0 0
1931 2 0 0 0 0 0 0 0 0
1941 1 1 1 0 0 0 1 0 0
1942 2 0 0 0 0 0 1 1 1
1947 6 0 0 1 0 0 1 0 0
1949 2 0 0 0 0 0 0 0 0
1951 3 0 0 1 0 0 1 0 0
1953 2 0 0 0 0 0 0 0 0
1959 2 1 1 0 0 0 0 0 0
1975 11 0 0 0 0 0 1 0 0
1977 1 0 0 1 0 0 0 0 0
1979 4 1 1 0 0 0 1 0 0
2006 3 1 1 2 0 0 0 0 0
2050 2 0 0 1 0 0 0 0 0
2055 2 0 0 1 0 0 0 0 0
2058 4 0 0 1 0 0 0 0 0
2063 2 1 1 1 1 1 0 0 0
2070 5 0 0 1 0 0 0 0 0
2071 4 0 0 1 0 0 0 0 0
2072 1 0 0 0 0 0 0 0 0
2087 61 0 0 0 0 0 0 0 0
2089 19 1 1 9 5 5 0 0 0
2093 4 1 1 2 0 0 0 0 0
2094 2 0 0 0 0 0 0 0 0
2103 6 1 1 0 0 0 1 0 0
2106 1 0 0 0 0 0 0 0 0
2107 3 0 0 1 0 0 0 0 0
2108 3 0 0 1 0 0 0 0 0
2110 3 0 0 0 0 0 0 0 0
2154 8 0 0 7 0 0 0 0 0
fn=open_verify.constprop.6
1871 55 2 2 0 0 0 35 1 1
1909 15 0 0 5 0 0 0 0 0
1930 25 0 0 5 0 0 10 1 1
1931 10 0 0 0 0 0 0 0 0
1941 1 0 0 0 0 0 1 0 0
1942 2 0 0 0 0 0 1 0 0
1947 6 1 1 1 0 0 1 0 0
1949 2 0 0 0 0 0 0 0 0
1951 3 0 0 1 0 0 1 0 0
1953 2 0 0 0 0 0 0 0 0
1959 2 0 0 0 0 0 0 0 0
1975 11 1 1 0 0 0 1 0 0
1977 1 0 0 1 0 0 0 0 0
1979 4 0 0 0 0 0 1 0 0
2050 2 1 1 1 0 0 0 0 0
2055 2 0 0 1 0 0 0 0 0
2058 4 0 0 1 0 0 0 0 0
2063 2 0 0 1 0 0 0 0 0
2070 7 1 1 1 0 0 0 0 0
2071 4 0 0 1 0 0 0 0 0
2072 1 0 0 0 0 0 0 0 0
2087 45 0 0 0 0 0 0 0 0
2089 17 1 1 8 0 0 0 0 0
2093 4 1 1 2 0 0 0 0 0
2094 2 0 0 0 0 0 0 0 0
2103 12 1 1 0 0 0 2 0 0
2106 1 0 0 0 0 0 0 0 0
2107 3 0 0 1 0 0 0 0 0
2108 3 0 0 1 0 0 0 0 0
2110 3 0 0 0 0 0 0 0 0
2115 1 0 0 0 0 0 0 0 0
2116 1 0 0 0 0 0 0 0 0
2119 2 0 0 0 0 0 0 0 0
2122 3 0 0 1 0 0 0 0 0
2123 5 0 0 1 0 0 0 0 0
2124 2 0 0 1 0 0 0 0 0
2125 3 0 0 1 0 0 0 0 0
2126 6 0 0 2 0 0 0 0 0
2131 4 1 1 0 0 0 0 0 0
2154 40 1 1 35 0 0 0 0 0
fl=/build/buildd/eglibc-2.19/elf/dl-lookup.c
fn=_dl_lookup_symbol_x
475 196 0 0 0 0 0 0 0 0
476 5732 2 2 1384 93 88 98 0 0
477 5144 0 0 0 0 0 0 0 0
714 1372 1 1 0 0 0 784 4 0
716 196 0 0 0 0 0 98 0 0
717 196 0 0 0 0 0 196 1 0
720 98 0 0 98 2 0 0 0 0
724 376 1 1 90 0 0 0 0 0
728 196 0 0 0 0 0 98 0 0
729 196 0 0 98 0 0 0 0 0
731 196 0 0 196 4 0 0 0 0
735 808 1 1 6 0 0 196 0 0
737 1274 1 1 588 0 0 686 4 0
740 196 0 0 0 0 0 0 0 0
743 6 0 0 0 0 0 0 0 0
766 196 1 1 98 0 0 0 0 0
768 42 1 1 12 0 0 0 0 0
784 6 0 0 0 0 0 6 0 0
785 12 1 1 0 0 0 0 0 0
788 92 0 0 92 0 0 0 0 0
789 644 0 0 184 0 0 0 0 0
815 92 0 0 0 0 0 0 0 0
824 460 0 0 92 0 0 0 0 0
838 276 1 1 92 5 1 0 0 0
839 2 1 1 0 0 0 1 0 0
841 368 0 0 184 0 0 0 0 0
846 92 0 0 0 0 0 92 0 0
848 784 0 0 686 0 0 0 0 0
fn=_dl_setup_hash
859 12 1 1 4 0 0 0 0 0
863 4 0 0 4 0 0 0 0 0
867 8 0 0 4 4 4 4 1 1
868 4 0 0 4 0 0 0 0 0
869 4 0 0 4 1 1 0 0 0
871 12 1 1 0 0 0 0 0 0
872 4 0 0 0 0 0 4 0 0
873 12 0 0 4 0 0 4 0 0
875 4 0 0 0 0 0 4 0 0
876 8 0 0 0 0 0 0 0 0
878 4 0 0 0 0 0 4 0 0
879 4 0 0 0 0 0 0 0 0
880 16 1 1 0 0 0 4 0 0
881 4 0 0 4 0 0 0 0 0
fn=check_match.9458
131 658 2 1 0 0 0 376 0 0
132 188 2 1 94 14 6 0 0 0
134 376 0 0 188 11 10 0 0 0
136 282 0 0 94 0 0 0 0 0
146 276 0 0 92 0 0 92 5 0
149 340 0 0 170 0 0 26 0 0
153 184 0 0 184 0 0 0 0 0
154 276 1 1 92 0 0 0 0 0
156 180 0 0 0 0 0 0 0 0
175 180 0 0 180 10 3 0 0 0
176 720 1 1 270 4 0 0 0 0
177 450 2 1 180 1 0 90 1 0
204 4 2 1 0 0 0 0 0 0
206 12 0 0 4 2 1 0 0 0
207 8 0 0 2 0 0 0 0 0
215 2 0 0 0 0 0 0 0 0
222 656 0 0 470 0 0 0 0 0
fn=do_lookup_x
77 784 1 1 294 0 0 490 2 0
82 1176 3 2 196 0 0 686 4 0
83 98 0 0 98 1 0 0 0 0
89 98 0 0 98 0 0 0 0 0
95 301 0 0 0 0 0 301 0 0
96 301 0 0 0 0 0 301 0 0
98 903 1 1 602 10 0 301 0 0
101 602 0 0 0 0 0 0 0 0
105 614 0 0 307 0 0 0 0 0
109 598 0 0 299 7 0 0 0 0
113 598 0 0 299 1 0 0 0 0
119 897 1 1 299 5 0 0 0 0
123 598 0 0 598 14 0 0 0 0
124 897 0 0 598 1 0 299 0 0
225 299 0 0 299 0 0 0 0 0
226 598 0 0 0 0 0 0 0 0
228 299 0 0 299 45 31 0 0 0
229 196 0 0 0 0 0 0 0 0
230 598 0 0 299 0 0 0 0 0
232 392 0 0 0 0 0 0 0 0
233 1196 2 1 299 0 0 0 0 0
236 1196 0 0 0 0 0 0 0 0
237 897 0 0 0 0 0 0 0 0
239 200 0 0 200 49 43 0 0 0
240 400 2 1 0 0 0 0 0 0
241 200 0 0 0 0 0 0 0 0
243 300 0 0 100 0 0 0 0 0
246 990 1 1 198 62 57 0 0 0
248 752 1 1 188 0 0 188 0 0
249 752 0 0 0 0 0 470 1 0
250 478 0 0 288 0 0 0 0 0
253 318 0 0 0 0 0 0 0 0
257 207 0 0 0 0 0 207 0 0
281 414 0 0 207 0 0 0 0 0
286 696 0 0 92 0 0 0 0 0
290 214 1 1 10 1 0 92 0 0
303 184 0 0 92 0 0 92 0 0
304 184 0 0 92 0 0 92 0 0
305 92 1 1 0 0 0 0 0 0
461 1158 2 1 386 1 0 0 0 0
462 374 0 0 136 0 0 136 0 0
465 627 1 1 0 0 0 0 0 0
468 12 0 0 0 0 0 0 0 0
469 784 0 0 686 0 0 0 0 0
fl=/build/buildd/eglibc-2.19/elf/dl-minimal.c
fn=__libc_memalign
51 88 1 1 0 0 0 44 1 1
52 108 0 0 43 0 0 0 0 0
57 3 0 0 0 0 0 1 0 0
58 3 1 1 1 0 0 0 0 0
59 1 0 0 0 0 0 0 0 0
63 66 1 1 0 0 0 22 0 0
64 22 0 0 0 0 0 0 0 0
66 142 0 0 0 0 0 0 0 0
70 12 0 0 3 0 0 0 0 0
71 9 1 1 0 0 0 0 0 0
77 21 0 0 0 0 0 3 0 0
79 15 0 0 6 0 0 0 0 0
83 9 0 0 0 0 0 3 0 0
86 22 0 0 0 0 0 22 0 0
87 22 0 0 0 0 0 22 0 0
89 167 0 0 66 0 0 0 0 0
fn=calloc
102 8 1 1 0 0 0 0 0 0
106 8 0 0 0 0 0 0 0 0
109 40 0 0 0 0 0 0 0 0
113 8 0 0 0 0 0 0 0 0
fn=free
119 2 0 0 0 0 0 1 0 0
121 2 1 1 1 0 0 0 0 0
128 2 0 0 2 0 0 0 0 0
fn=malloc
93 21 1 1 0 0 0 0 0 0
94 42 0 0 0 0 0 0 0 0
fn=strsep
338 8 1 1 4 0 0 0 0 0
340 4 0 0 4 0 0 0 0 0
341 8 0 0 0 0 0 0 0 0
345 317 1 1 63 0 0 0 0 0
350 244 0 0 122 0 0 0 0 0
352 366 0 0 122 0 0 0 0 0
360 61 0 0 0 0 0 0 0 0
363 2 0 0 0 0 0 2 0 0
367 4 0 0 4 0 0 0 0 0
fl=/build/buildd/eglibc-2.19/elf/dl-misc.c
fn=_dl_name_match_p
288 240 1 1 0 0 0 96 3 2
289 192 0 0 48 0 0 48 1 0
290 51 0 0 0 0 0 0 0 0
292 48 0 0 48 0 0 0 0 0
294 194 0 0 0 0 0 0 0 0
295 260 1 1 52 4 0 52 0 0
298 49 0 0 49 0 0 0 0 0
300 45 0 0 0 0 0 0 0 0
301 240 0 0 144 0 0 0 0 0
fn=_dl_sysdep_read_whole_file
45 7 2 2 0 0 0 4 0 0
46 1 0 0 0 0 0 0 0 0
52 4 0 0 0 0 0 1 0 0
53 2 0 0 0 0 0 0 0 0
55 6 0 0 0 0 0 1 0 0
57 2 0 0 1 0 0 1 1 1
60 2 0 0 0 0 0 0 0 0
62 8 1 1 0 0 0 1 0 0
73 2 0 0 0 0 0 1 0 0
76 7 0 0 5 0 0 0 0 0
fl=/build/buildd/eglibc-2.19/elf/dl-object.c
fn=_dl_add_to_namespace_list
32 15 1 1 0 0 0 6 0 0
34 6 0 0 3 0 0 3 0 0
36 22 1 1 3 0 0 0 0 0
39 15 0 0 5 0 0 0 0 0
40 3 0 0 0 0 0 0 0 0
41 2 0 0 0 0 0 2 0 0
43 2 0 0 0 0 0 2 0 0
46 2 0 0 0 0 0 1 0 0
47 9 0 0 3 0 0 0 0 0
48 6 0 0 3 0 0 3 0 0
49 6 0 0 0 0 0 3 0 0
51 9 0 0 3 0 0 0 0 0
52 9 0 0 6 0 0 0 0 0
fn=_dl_new_object
61 42 2 2 0 0 0 30 1 1
62 15 0 0 0 0 0 3 1 1
68 36 1 1 6 0 0 0 0 0
75 15 0 0 0 0 0 6 0 0
78 6 0 0 0 0 0 0 0 0
81 3 0 0 0 0 0 3 2 2
82 6 0 0 0 0 0 3 3 3
86 6 0 0 0 0 0 3 2 2
87 15 1 1 6 0 0 6 1 1
89 3 0 0 0 0 0 3 0 0
97 15 0 0 6 0 0 3 0 0
98 18 1 1 6 3 3 3 0 0
101 6 0 0 3 0 0 0 0 0
102 7 1 1 0 0 0 3 3 3
103 3 0 0 0 0 0 3 0 0
107 3 0 0 0 0 0 3 0 0
110 43 1 1 0 0 0 0 0 0
112 32 0 0 0 0 0 16 5 5
122 6 0 0 0 0 0 3 0 0
123 3 0 0 0 0 0 3 3 3
126 3 0 0 0 0 0 0 0 0
128 18 1 1 3 0 0 0 0 0
130 6 0 0 0 0 0 2 1 1
133 7 0 0 0 0 0 0 0 0
137 6 0 0 2 0 0 0 0 0
141 15 0 0 2 0 0 0 0 0
143 1 1 1 0 0 0 0 0 0
149 1 0 0 0 0 0 1 1 1
152 6 0 0 0 0 0 3 1 1
155 15 0 0 6 0 0 0 0 0
157 10 0 0 2 0 0 4 0 0
161 10 1 1 0 0 0 0 0 0
165 6 2 2 0 0 0 2 0 0
166 8 0 0 0 0 0 0 0 0
211 8 0 0 4 0 0 2 0 0
216 82 0 0 0 0 0 0 0 0
217 88 0 0 42 0 0 0 0 0
222 4 0 0 0 0 0 2 0 0
225 4 1 1 0 0 0 2 0 0
229 24 1 1 21 0 0 0 0 0
fl=/build/buildd/eglibc-2.19/elf/dl-open.c
fn=_dl_find_dso_for_object
182 5 1 1 1 0 0 0 0 0
183 10 2 2 3 0 0 0 0 0
184 12 0 0 6 0 0 0 0 0
185 2 0 0 1 0 0 0 0 0
188 2 1 1 1 0 0 0 0 0
192 1 0 0 1 0 0 0 0 0
fl=/build/buildd/eglibc-2.19/elf/dl-reloc.c
fn=_dl_relocate_object
154 48 1 1 0 0 0 32 0 0
161 4 0 0 0 0 0 4 0 0
164 8 0 0 0 0 0 0 0 0
165 20 1 1 0 0 0 12 0 0
169 8 0 0 0 0 0 0 0 0
170 16 1 1 8 1 0 0 0 0
176 8 0 0 4 0 0 0 0 0
182 12 0 0 4 0 0 0 0 0
183 8 1 1 4 3 0 0 0 0
186 8 1 1 4 0 0 0 0 0
193 8 0 0 4 1 0 0 0 0
238 12 0 0 8 0 0 4 0 0
264 234 3 3 83 11 1 53 0 0
267 12 1 1 4 0 0 0 0 0
295 4 0 0 4 0 0 0 0 0
298 8 0 0 4 0 0 0 0 0
315 12 0 0 4 3 0 0 0 0
317 32 0 0 28 1 0 0 0 0
323 16 1 1 8 0 0 0 0 0
324 8 0 0 4 0 0 0 0 0
325 8 0 0 0 0 0 0 0 0
328 8 0 0 0 0 0 0 0 0
329 20 1 1 0 0 0 4 0 0
fl=/build/buildd/eglibc-2.19/elf/dl-tls.c
fn=__tls_get_addr
770 1 1 1 1 0 0 0 0 0
772 3 0 0 2 2 0 0 0 0
775 3 0 0 2 0 0 0 0 0
777 2 0 0 0 0 0 0 0 0
780 1 0 0 1 0 0 0 0 0
781 1 0 0 1 0 0 0 0 0
fn=_dl_add_to_slotinfo
831 4 1 1 0 0 0 3 0 0
837 2 1 1 1 0 0 0 0 0
840 1 0 0 1 1 0 0 0 0
845 5 0 0 1 1 0 0 0 0
886 1 0 0 0 0 0 1 0 0
887 3 1 1 1 1 0 1 0 0
888 4 0 0 4 0 0 0 0 0
fn=_dl_allocate_tls_init
376 8 1 1 0 0 0 7 0 0
377 2 0 0 0 0 0 0 0 0
381 3 0 0 2 1 0 1 0 0
383 1 0 0 0 0 0 0 0 0
384 1 0 0 0 0 0 0 0 0
389 3 0 0 1 0 0 1 0 0
394 12 1 1 2 0 0 0 0 0
400 9 0 0 0 0 0 0 0 0
403 1 1 1 1 0 0 0 0 0
404 2 0 0 0 0 0 0 0 0
410 3 0 0 1 0 0 0 0 0
412 2 0 0 0 0 0 0 0 0
413 2 0 0 1 0 0 0 0 0
422 2 1 1 1 0 0 0 0 0
423 4 0 0 2 0 0 0 0 0
425 2 0 0 0 0 0 0 0 0
426 2 1 1 1 0 0 0 0 0
434 4 0 0 1 0 0 1 1 0
435 1 0 0 0 0 0 1 0 0
436 11 0 0 4 0 0 2 0 0
450 2 1 1 1 0 0 1 0 0
452 1 0 0 1 0 0 0 0 0
453 8 1 1 7 0 0 0 0 0
fn=_dl_allocate_tls_storage
295 2 0 0 1 0 0 0 0 0
296 3 1 1 0 0 0 1 0 0
297 2 0 0 0 0 0 0 0 0
300 1 0 0 0 0 0 1 1 1
306 2 0 0 0 0 0 1 0 0
328 3 1 1 0 0 0 3 0 0
330 1 0 0 1 0 0 0 0 0
341 4 0 0 1 0 0 1 0 0
342 2 0 0 0 0 0 0 0 0
349 1 0 0 0 0 0 0 0 0
353 306 1 1 0 0 0 288 36 36
370 5 0 0 4 0 0 0 0 0
fn=_dl_determine_tlsoffset
112 7 1 1 0 0 0 6 0 0
113 2 1 1 0 0 0 0 0 0
114 1 0 0 0 0 0 0 0 0
115 1 0 0 0 0 0 0 0 0
118 3 1 1 1 0 0 0 0 0
121 2 0 0 1 0 0 0 0 0
123 1 0 0 0 0 0 0 0 0
155 1 0 0 0 0 0 0 0 0
157 10 0 0 2 0 0 0 0 0
159 3 0 0 1 0 0 0 0 0
161 3 0 0 1 0 0 0 0 0
162 2 1 1 1 0 0 0 0 0
164 2 0 0 0 0 0 0 0 0
166 5 0 0 1 0 0 0 0 0
168 2 1 1 0 0 0 0 0 0
182 9 1 1 0 0 0 0 0 0
184 3 0 0 0 0 0 0 0 0
185 1 0 0 0 0 0 0 0 0
194 1 0 0 0 0 0 1 0 0
197 4 0 0 0 0 0 1 0 0
198 1 0 0 0 0 0 1 0 0
249 1 0 0 0 0 0 1 0 0
250 8 0 0 7 0 0 0 0 0
fn=_dl_next_tls_modid
50 1 1 1 0 0 0 0 0 0
53 3 0 0 2 0 0 0 0 0
101 2 0 0 0 0 0 1 0 0
105 2 0 0 1 0 0 0 0 0
fl=/build/buildd/eglibc-2.19/elf/dl-version.c
fn=_dl_check_all_versions
380 6 1 1 0 0 0 4 0 0
382 2 0 0 0 0 0 0 0 0
384 16 1 1 4 0 0 0 0 0
385 4 1 1 0 0 0 0 0 0
386 40 0 0 4 0 0 4 0 0
389 7 0 0 5 0 0 0 0 0
fn=_dl_check_map_versions
56 24 0 0 4 0 0 0 0 0
57 5 0 0 5 0 0 0 0 0
58 37 1 1 0 0 0 7 0 0
174 44 1 1 0 0 0 32 0 0
175 2 0 0 0 0 0 0 0 0
183 2 1 1 0 0 0 0 0 0
189 12 0 0 4 0 0 0 0 0
191 8 0 0 4 0 0 4 0 0
193 8 0 0 4 0 0 4 0 0
194 8 1 1 4 0 0 4 0 0
196 8 0 0 0 0 0 0 0 0
199 8 0 0 6 0 0 2 0 0
203 12 0 0 4 2 2 0 0 0
220 6 1 1 6 0 0 0 0 0
228 6 0 0 2 0 0 0 0 0
233 14 0 0 4 1 1 0 0 0
237 50 2 2 29 1 1 6 0 0
244 12 0 0 3 0 0 0 0 0
247 11 0 0 3 0 0 0 0 0
252 1 0 0 0 0 0 0 0 0
256 8 0 0 4 0 0 0 0 0
270 12 1 1 4 0 0 0 0 0
273 6 0 0 4 0 0 0 0 0
276 112 0 0 28 7 7 0 0 0
279 84 0 0 28 4 4 0 0 0
283 26 0 0 0 0 0 0 0 0
287 8 0 0 0 0 0 0 0 0
292 3 0 0 0 0 0 3 1 0
293 12 0 0 0 0 0 3 0 0
294 6 0 0 0 0 0 0 0 0
302 3 1 1 0 0 0 3 0 0
305 9 0 0 6 0 0 3 0 0
307 9 0 0 3 0 0 0 0 0
310 8 0 0 6 0 0 0 0 0
314 6 0 0 2 0 0 0 0 0
317 9 0 0 3 0 0 0 0 0
319 9 1 1 0 0 0 0 0 0
321 15 0 0 3 0 0 3 0 0
322 9 0 0 0 0 0 3 2 2
323 9 0 0 3 0 0 3 0 0
324 9 0 0 3 0 0 3 0 0
327 9 0 0 3 0 0 0 0 0
332 1 0 0 0 0 0 0 0 0
335 6 1 1 2 0 0 0 0 0
345 9 0 0 3 0 0 0 0 0
348 8 0 0 6 0 0 0 0 0
352 28 0 0 28 0 0 0 0 0
354 56 0 0 28 0 0 0 0 0
358 26 0 0 26 0 0 0 0 0
359 130 0 0 26 0 0 26 8 8
360 78 0 0 26 0 0 26 0 0
361 26 0 0 0 0 0 26 3 3
364 84 0 0 28 0 0 0 0 0
368 26 0 0 0 0 0 0 0 0
373 7 1 1 0 0 0 0 0 0
374 32 1 1 28 0 0 0 0 0
fn=match_symbol
76 39 1 1 0 0 0 24 0 0
77 6 0 0 6 0 0 0 0 0
85 6 1 1 3 0 0 0 0 0
91 9 0 0 3 0 0 0 0 0
106 3 0 0 3 0 0 0 0 0
107 6 0 0 0 0 0 0 0 0
109 3 0 0 3 0 0 0 0 0
114 20 0 0 10 2 2 0 0 0
128 20 1 1 10 1 1 0 0 0
130 3 1 1 3 0 0 0 0 0
133 18 0 0 3 0 0 3 0 0
140 21 0 0 7 1 1 0 0 0
144 7 0 0 0 0 0 0 0 0
168 24 0 0 21 0 0 0 0 0
fl=/build/buildd/eglibc-2.19/elf/do-rel.h
fn=_dl_relocate_object
47 16 0 0 8 0 0 0 0 0
48 8 0 0 8 0 0 0 0 0
50 3 0 0 0 0 0 0 0 0
51 3 0 0 0 0 0 3 1 0
58 24 0 0 8 0 0 0 0 0
61 96 1 1 0 0 0 0 0 0
63 84 1 1 28 11 11 0 0 0
65 17 0 0 0 0 0 0 0 0
74 6 0 0 0 0 0 0 0 0
75 29 1 1 9 0 0 0 0 0
76 10 0 0 5 0 0 0 0 0
83 10 0 0 5 0 0 5 0 0
84 5 1 1 5 0 0 0 0 0
86 10 0 0 0 0 0 0 0 0
98 15 1 1 0 0 0 0 0 0
108 9 1 1 1 1 1 0 0 0
111 3590 0 0 0 0 0 0 0 0
112 2388 0 0 1194 0 0 0 0 0
118 15 0 0 5 4 0 0 0 0
121 8 0 0 4 3 0 4 1 0
124 311 0 0 100 0 0 0 0 0
127 388 0 0 97 27 23 0 0 0
136 291 0 0 194 39 37 0 0 0
137 554 0 0 97 0 0 97 1 0
138 180 0 0 97 1 0 0 0 0
139 194 1 1 97 0 0 0 0 0
143 6 0 0 0 0 0 0 0 0
160 23 2 2 5 0 0 4 0 0
162 20 1 1 5 2 2 0 0 0
170 25 0 0 5 0 0 5 0 0
171 10 0 0 10 0 0 0 0 0
174 5 0 0 2 0 0 0 0 0
fn=_dl_start
83 1 0 0 1 0 0 0 0 0
84 1 0 0 1 0 0 0 0 0
111 33 0 0 0 0 0 0 0 0
112 20 0 0 10 3 3 0 0 0
116 2 1 1 1 0 0 0 0 0
124 31 0 0 0 0 0 0 0 0
137 45 1 1 9 2 2 0 0 0
139 18 0 0 9 0 0 0 0 0
fl=/build/buildd/eglibc-2.19/elf/get-dynamic-info.h
fn=_dl_map_object_from_fd
38 4 0 0 0 0 0 0 0 0
42 2 0 0 0 0 0 0 0 0
44 141 0 0 47 13 13 0 0 0
46 90 0 0 0 0 0 0 0 0
51 42 1 1 0 0 0 0 0 0
52 71 0 0 0 0 0 43 11 11
53 8 0 0 0 0 0 0 0 0
55 2 0 0 0 0 0 0 0 0
56 10 1 1 0 0 0 0 0 0
58 2 0 0 0 0 0 0 0 0
59 10 1 1 0 0 0 0 0 0
60 2 0 0 0 0 0 0 0 0
61 8 0 0 0 0 0 2 0 0
62 45 0 0 0 0 0 0 0 0
69 4 0 0 0 0 0 0 0 0
89 7 0 0 3 0 0 0 0 0
90 8 1 1 4 0 0 0 0 0
91 8 0 0 4 0 0 0 0 0
92 8 0 0 4 0 0 0 0 0
94 8 0 0 4 0 0 0 0 0
99 8 1 1 4 0 0 0 0 0
100 7 0 0 3 1 1 0 0 0
101 8 0 0 4 0 0 0 0 0
107 6 0 0 2 0 0 0 0 0
112 4 1 1 2 0 0 0 0 0
119 4 0 0 2 0 0 0 0 0
120 6 0 0 4 0 0 0 0 0
136 6 0 0 2 0 0 0 0 0
141 2 0 0 1 0 0 1 0 0
143 2 0 0 0 0 0 0 0 0
145 2 0 0 0 0 0 0 0 0
147 2 0 0 0 0 0 0 0 0
150 6 1 1 2 0 0 0 0 0
152 2 0 0 1 0 0 1 0 0
160 2 0 0 1 0 0 0 0 0
161 2 1 1 0 0 0 0 0 0
165 2 0 0 0 0 0 0 0 0
168 4 0 0 2 0 0 0 0 0
fn=_dl_start
44 57 1 1 19 6 6 0 0 0
46 36 0 0 0 0 0 0 0 0
47 26 0 0 0 0 0 13 3 3
51 21 0 0 0 0 0 0 0 0
52 18 2 2 0 0 0 4 2 2
53 4 1 1 0 0 0 0 0 0
55 1 0 0 0 0 0 0 0 0
56 5 1 1 0 0 0 0 0 0
58 2 0 0 0 0 0 0 0 0
59 5 1 1 0 0 0 0 0 0
60 1 0 0 0 0 0 0 0 0
61 5 0 0 0 0 0 1 1 1
62 18 0 0 0 0 0 0 0 0
69 2 0 0 0 0 0 0 0 0
89 4 0 0 2 0 0 0 0 0
90 4 0 0 2 0 0 0 0 0
91 4 1 1 2 0 0 0 0 0
92 4 0 0 2 0 0 0 0 0
94 4 0 0 2 0 0 0 0 0
99 4 0 0 2 0 0 0 0 0
100 4 1 1 2 0 0 0 0 0
101 4 0 0 2 0 0 0 0 0
107 3 0 0 1 0 0 0 0 0
112 2 0 0 1 0 0 0 0 0
119 3 0 0 1 0 0 0 0 0
120 3 1 1 2 0 0 0 0 0
128 3 0 0 1 0 0 0 0 0
130 3 0 0 1 1 1 0 0 0
133 2 1 1 1 0 0 0 0 0
134 2 0 0 1 0 0 0 0 0
fn=dl_main
29 1 0 0 1 0 0 0 0 0
38 2 0 0 0 0 0 0 0 0
42 1 0 0 0 0 0 0 0 0
44 72 0 0 24 7 7 0 0 0
46 46 1 1 0 0 0 0 0 0
51 17 1 1 0 0 0 0 0 0
52 33 0 0 0 0 0 22 5 5
53 4 0 0 0 0 0 0 0 0
55 1 0 0 0 0 0 0 0 0
56 5 1 1 0 0 0 0 0 0
58 1 0 0 0 0 0 0 0 0
59 5 0 0 0 0 0 0 0 0
60 1 0 0 0 0 0 0 0 0
61 4 1 1 0 0 0 1 0 0
62 23 0 0 0 0 0 0 0 0
69 3 1 1 1 0 0 0 0 0
107 3 2 2 1 0 0 0 0 0
112 2 0 0 1 0 0 0 0 0
119 2 0 0 1 0 0 0 0 0
120 3 0 0 2 0 0 0 0 0
136 3 0 0 1 0 0 0 0 0
150 3 1 1 1 0 0 0 0 0
168 2 1 1 1 0 0 0 0 0
fl=/build/buildd/eglibc-2.19/elf/rtld.c
fn=_dl_initial_error_catch_tsd
798 8 0 0 4 0 0 0 0 0
fn=_dl_start
285 75 4 4 8 1 1 8 2 2
297 2 0 0 0 0 0 1 0 0
298 2 0 0 0 0 0 1 0 0
299 2 0 0 0 0 0 1 0 0
300 2 1 1 0 0 0 1 1 1
301 2 0 0 0 0 0 1 0 0
322 5 0 0 0 0 0 1 0 0
326 1 0 0 0 0 0 1 0 0
332 4 1 0 0 0 0 1 0 0
341 4 1 0 0 0 0 0 0 0
344 2 0 0 1 1 0 1 1 0
348 2 0 0 1 0 0 0 0 0
362 9 2 2 0 0 0 6 1 1
380 5 0 0 0 0 0 1 1 1
406 1 0 0 0 0 0 1 1 1
409 1 0 0 0 0 0 1 1 1
537 2 0 0 0 0 0 0 0 0
542 34 3 3 9 0 0 0 0 0
544 1 0 0 1 1 1 0 0 0
569 9 0 0 7 1 0 0 0 0
fn=dl_main
891 12 1 1 0 0 0 8 1 1
897 1 0 0 0 0 0 0 0 0
899 2 0 0 0 0 0 0 0 0
900 1 0 0 0 0 0 0 0 0
906 1 0 0 0 0 0 1 0 0
910 2 0 0 0 0 0 1 0 0
913 2 0 0 0 0 0 1 1 1
917 2 0 0 0 0 0 1 1 1
918 2 0 0 0 0 0 1 0 0
923 2 1 1 0 0 0 1 0 0
933 4 2 2 2 0 0 0 0 0
1132 8 1 1 0 0 0 1 0 0
1134 2 0 0 0 0 0 0 0 0
1135 1 0 0 0 0 0 1 1 1
1136 2 1 1 1 0 0 1 0 0
1137 3 0 0 2 0 0 1 0 0
1141 3 0 0 0 0 0 1 0 0
1142 2 0 0 1 0 0 0 0 0
1163 1 0 0 0 0 0 1 0 0
1164 1 0 0 0 0 0 1 0 0
1166 1 0 0 0 0 0 1 0 0
1168 1 1 1 1 0 0 0 0 0
1171 36 1 1 3 0 0 0 0 0
1172 71 1 1 9 5 5 0 0 0
1176 3 1 1 1 0 0 1 0 0
1177 1 0 0 0 0 0 0 0 0
1181 3 1 1 2 0 0 1 0 0
1182 1 0 0 0 0 0 0 0 0
1190 1 0 0 0 0 0 1 1 1
1191 2 1 1 2 1 1 0 0 0
1193 2 1 1 0 0 0 1 0 0
1200 3 0 0 1 0 0 0 0 0
1218 1 0 0 0 0 0 0 0 0
1226 4 0 0 2 0 0 0 0 0
1227 10 2 2 3 1 1 0 0 0
1228 4 0 0 2 0 0 0 0 0
1229 1 0 0 0 0 0 1 0 0
1232 4 0 0 2 1 1 0 0 0
1233 4 0 0 2 0 0 0 0 0
1234 2 0 0 0 0 0 2 0 0
1235 6 0 0 3 0 0 0 0 0
1236 2 0 0 0 0 0 1 0 0
1263 2 1 1 1 0 0 1 1 1
1264 1 0 0 0 0 0 0 0 0
1267 2 0 0 1 0 0 1 0 0
1268 2 0 0 1 0 0 1 0 0
1269 1 0 0 0 0 0 0 0 0
1274 3 0 0 1 1 1 0 0 0
1277 2 0 0 0 0 0 0 0 0
1279 2 0 0 0 0 0 0 0 0
1281 2 1 1 1 0 0 0 0 0
1294 3 0 0 1 0 0 0 0 0
1295 11 1 1 6 0 0 2 0 0
1300 1 0 0 0 0 0 1 0 0
1302 1 0 0 0 0 0 1 1 1
1303 1 0 0 0 0 0 1 0 0
1305 2 0 0 1 0 0 0 0 0
1306 2 1 1 0 0 0 1 0 0
1310 2 0 0 1 0 0 0 0 0
1312 2 0 0 0 0 0 0 0 0
1317 2 0 0 0 0 0 1 0 0
1320 4 1 1 0 0 0 1 0 0
1336 3 2 2 0 0 0 1 0 0
1342 9 1 1 1 0 0 2 0 0
1347 2 1 1 1 0 0 1 0 0
1350 4 1 1 1 0 0 2 0 0
1352 1 0 0 0 0 0 1 0 0
1357 2 0 0 1 0 0 0 0 0
1360 3 0 0 2 0 0 1 0 0
1361 4 1 1 1 0 0 1 0 0
1362 2 0 0 0 0 0 1 0 0
1363 1 0 0 0 0 0 1 0 0
1364 1 0 0 1 0 0 0 0 0
1365 1 0 0 1 0 0 0 0 0
1370 2 0 0 1 0 0 0 0 0
1371 5 0 0 1 0 0 1 0 0
1375 1 1 1 1 0 0 0 0 0
1377 4 0 0 1 0 0 0 0 0
1378 2 0 0 0 0 0 1 0 0
1379 4 0 0 1 1 1 1 0 0
1384 2 0 0 0 0 0 0 0 0
1385 6 1 1 1 1 1 0 0 0
1387 2 0 0 1 0 0 1 1 1
1388 2 0 0 1 0 0 1 0 0
1393 2 0 0 1 1 1 0 0 0
1398 3 1 1 1 0 0 0 0 0
1579 3 0 0 1 0 0 0 0 0
1582 2 0 0 1 0 0 1 0 0
1586 3 0 0 1 0 0 0 0 0
1591 2 1 1 1 0 0 1 0 0
1592 1 0 0 0 0 0 1 0 0
1597 3 0 0 1 0 0 0 0 0
1612 3 0 0 2 0 0 0 0 0
1614 1 0 0 0 0 0 0 0 0
1616 3 1 1 1 0 0 0 0 0
1623 11 2 2 0 0 0 3 0 0
1626 6 0 0 0 0 0 0 0 0
1629 12 1 1 0 0 0 2 0 0
1630 2 0 0 1 0 0 0 0 0
1631 3 0 0 1 0 0 0 0 0
1633 6 0 0 0 0 0 1 0 0
1635 4 0 0 0 0 0 0 0 0
1636 2 0 0 1 0 0 0 0 0
1637 3 0 0 0 0 0 1 0 0
1647 5 0 0 0 0 0 1 0 0
1724 4 0 0 2 0 0 0 0 0
1728 8 2 2 0 0 0 0 0 0
1729 1 0 0 0 0 0 0 0 0
1732 2 0 0 0 0 0 1 0 0
1733 1 0 0 1 0 0 0 0 0
1734 2 0 0 0 0 0 0 0 0
1735 2 0 0 0 0 0 0 0 0
1741 5 1 1 0 0 0 0 0 0
1742 8 0 0 0 0 0 1 0 0
1743 4 0 0 0 0 0 0 0 0
1745 2 0 0 1 0 0 0 0 0
1748 13 1 1 2 0 0 0 0 0
1749 16 0 0 8 0 0 0 0 0
1752 3 0 0 2 0 0 1 0 0
1753 3 0 0 1 0 0 0 0 0
1754 1 0 0 0 0 0 1 0 0
1756 12 1 1 0 0 0 0 0 0
1757 9 0 0 4 0 0 0 0 0
1767 2 1 1 0 0 0 1 0 0
1769 2 1 1 1 0 0 1 0 0
1770 2 1 1 1 0 0 0 0 0
1772 3 0 0 0 0 0 1 0 0
1774 3 0 0 0 0 0 0 0 0
1776 3 0 0 1 0 0 0 0 0
1777 1 0 0 1 0 0 0 0 0
1788 3 1 1 0 0 0 0 0 0
1790 2 1 1 0 0 0 0 0 0
1791 2 0 0 0 0 0 1 0 0
1792 3 0 0 1 0 0 0 0 0
1803 4 0 0 0 0 0 1 0 0
1804 1 0 0 0 0 0 1 0 0
1805 5 1 1 0 0 0 1 0 0
1815 2 0 0 1 0 0 1 0 0
1816 2 0 0 1 0 0 0 0 0
1817 2 1 1 0 0 0 2 0 0
1819 2 0 0 1 0 0 0 0 0
1822 1 0 0 0 0 0 1 0 0
1824 2 0 0 1 0 0 0 0 0
2054 3 0 0 1 0 0 0 0 0
2110 2 2 2 0 0 0 1 0 0
2114 4 0 0 2 0 0 2 0 0
2118 2 0 0 1 0 0 1 0 0
2121 2 0 0 0 0 0 0 0 0
2129 2 0 0 0 0 0 0 0 0
2140 1 1 1 1 0 0 0 0 0
2175 3 1 1 1 0 0 0 0 0
2182 1 0 0 1 0 0 0 0 0
2184 11 1 1 1 0 0 1 0 0
2186 13 1 1 1 1 0 0 0 0
2188 12 0 0 8 0 0 0 0 0
2193 8 0 0 8 0 0 0 0 0
2195 10 1 1 0 0 0 0 0 0
2197 1 1 1 0 0 0 1 0 0
2198 1 0 0 1 0 0 0 0 0
2201 4 0 0 4 0 0 0 0 0
2203 12 0 0 0 0 0 0 0 0
2204 24 0 0 6 2 0 3 0 0
2208 14 0 0 5 1 0 0 0 0
2209 3 0 0 0 0 0 1 0 0
2211 4 0 0 0 0 0 0 0 0
2213 2 0 0 0 0 0 1 0 0
2219 2 0 0 1 0 0 0 0 0
2224 4 1 1 2 0 0 0 0 0
2225 1 0 0 1 0 0 0 0 0
2230 2 1 1 1 0 0 1 0 0
2234 2 0 0 1 0 0 0 0 0
2248 3 0 0 2 1 0 0 0 0
2250 4 2 2 1 0 0 0 0 0
2265 5 1 1 0 0 0 0 0 0
2267 1 0 0 1 0 0 0 0 0
2268 5 0 0 1 0 0 1 0 0
2269 4 0 0 0 0 0 0 0 0
2271 3 0 0 1 0 0 0 0 0
2279 1 0 0 0 0 0 1 0 0
2283 3 0 0 1 0 0 0 0 0
2303 3 0 0 0 0 0 1 0 0
2304 1 0 0 0 0 0 1 0 0
2305 1 0 0 0 0 0 1 0 0
2310 1 0 0 0 0 0 1 0 0
2315 8 0 0 7 2 0 0 0 0
2485 2 0 0 1 0 0 1 1 1
2487 1 0 0 0 0 0 0 0 0
2488 1 0 0 0 0 0 0 0 0
2492 13 2 2 1 0 0 4 0 0
2494 15 0 0 3 0 0 3 1 1
2498 105 1 1 21 0 0 0 0 0
2499 19 0 0 0 0 0 0 0 0
2501 4 0 0 0 0 0 0 0 0
2507 16 0 0 2 0 0 0 0 0
2530 6 1 1 0 0 0 1 0 0
2537 6 1 1 0 0 0 1 0 0
2539 3 1 1 0 0 0 1 0 0
2583 6 1 1 0 0 0 1 0 0
2585 3 1 1 0 0 0 1 0 0
2660 3 1 1 1 0 0 0 0 0
2693 3 0 0 1 0 0 0 0 0
fn=do_preload
804 6 0 0 0 0 0 3 0 0
806 1 0 0 0 0 0 1 0 0
810 1 0 0 0 0 0 1 0 0
811 1 1 1 0 0 0 1 0 0
812 1 0 0 0 0 0 1 0 0
814 1 0 0 1 0 0 0 0 0
816 6 0 0 0 0 0 1 0 0
817 3 0 0 1 0 0 0 0 0
825 3 1 1 1 0 0 0 0 0
831 5 0 0 4 0 0 0 0 0
fn=init_tls
717 1 0 0 0 0 0 1 0 0
719 2 0 0 1 0 0 1 0 0
723 2 0 0 1 0 0 0 0 0
724 1 1 1 0 0 0 0 0 0
729 2 0 0 0 0 0 1 0 0
732 1 0 0 0 0 0 1 0 0
733 4 0 0 0 0 0 1 0 0
738 1 0 0 0 0 0 0 0 0
740 1 0 0 0 0 0 1 1 1
744 2 1 1 1 1 1 0 0 0
745 1 0 0 0 0 0 0 0 0
746 11 1 1 1 0 0 0 0 0
747 8 0 0 4 0 0 0 0 0
748 8 0 0 4 0 0 0 0 0
752 3 0 0 0 0 0 1 0 0
754 1 0 0 0 0 0 0 0 0
756 3 0 0 0 0 0 0 0 0
759 1 1 1 0 0 0 1 0 0
766 2 0 0 0 0 0 1 0 0
767 2 0 0 0 0 0 0 0 0
773 2 1 1 1 0 0 1 0 0
781 7 0 0 0 0 0 2 0 0
785 1 1 1 0 0 0 1 0 0
787 1 0 0 0 0 0 0 0 0
788 2 0 0 2 0 0 0 0 0
fn=map_doit
625 2 1 1 0 0 0 1 0 0
627 8 1 1 3 0 0 2 0 0
629 2 0 0 2 0 0 0 0 0
fn=rtld_lock_default_lock_recursive
838 10 1 1 10 2 1 0 0 0
fn=rtld_lock_default_unlock_recursive
844 10 1 1 10 1 0 0 0 0
fn=security_init
851 2 0 0 0 0 0 1 0 0
853 1 0 0 1 0 0 0 0 0
855 1 0 0 0 0 0 1 0 0
861 2 0 0 1 0 0 0 0 0
863 1 0 0 1 0 0 0 0 0
866 1 1 1 0 0 0 1 0 0
868 1 0 0 0 0 0 1 0 0
874 1 0 0 0 0 0 1 0 0
875 3 0 0 2 0 0 0 0 0
fn=version_check_doit
657 2 1 1 0 0 0 1 0 0
659 6 0 0 2 0 0 1 0 0
663 2 0 0 2 0 0 0 0 0
fl=/build/buildd/eglibc-2.19/elf/setup-vdso.h
fn=dl_main
24 2 0 0 1 0 0 0 0 0
fl=/build/buildd/eglibc-2.19/io/../sysdeps/unix/syscall-template.S
fn=__read_nocancel
81 10 0 0 2 0 0 0 0 0
fn=__write_nocancel
81 5 0 0 1 0 0 0 0 0
fn=access
81 12 1 1 0 0 0 0 0 0
83 15 1 1 3 0 0 3 1 1
fn=close
81 12 1 1 0 0 0 0 0 0
82 3 0 0 3 0 0 0 0 0
fn=open
81 28 1 1 0 0 0 0 0 0
82 3 0 0 3 0 0 0 0 0
83 20 0 0 4 0 0 4 0 0
fn=read
81 12 1 1 2 0 0 0 0 0
82 2 0 0 2 0 0 0 0 0
fn=write
81 2 1 1 1 0 0 0 0 0
fl=/build/buildd/eglibc-2.19/io/../sysdeps/unix/sysv/linux/wordsize-64/fxstat.c
fn=_fxstat
33 5 0 0 0 0 0 0 0 0
34 10 2 2 0 0 0 0 0 0
35 30 0 0 0 0 0 0 0 0
39 5 0 0 5 0 0 0 0 0
fl=/build/buildd/eglibc-2.19/io/../sysdeps/unix/sysv/linux/wordsize-64/xstat.c
fn=_xstat
33 4 0 0 0 0 0 0 0 0
34 8 1 1 0 0 0 0 0 0
35 36 0 0 3 0 0 3 0 0
39 1 0 0 1 0 0 0 0 0
fl=/build/buildd/eglibc-2.19/libio/filedoalloc.c
fn=_IO_file_doallocate
96 10 1 1 0 0 0 6 0 0
111 16 1 1 6 1 0 2 1 0
113 8 0 0 2 0 0 0 0 0
124 12 1 1 2 1 0 0 0 0
128 16 0 0 0 0 0 2 0 0
129 10 1 1 0 0 0 2 0 0
130 2 0 0 0 0 0 0 0 0
131 10 0 0 8 0 0 0 0 0
fl=/build/buildd/eglibc-2.19/libio/fileops.c
fn=_IO_do_write@@GLIBC_2.2.5
509 12 1 1 0 0 0 8 0 0
511 10 0 0 0 0 0 0 0 0
512 12 0 0 10 0 0 0 0 0
523 4 1 1 1 0 0 0 0 0
530 4 0 0 2 0 0 0 0 0
538 6 1 1 2 0 0 1 0 0
539 3 0 0 1 0 0 0 0 0
541 4 1 1 1 0 0 3 0 0
542 2 0 0 0 0 0 2 0 0
543 1 0 0 0 0 0 1 0 0
544 3 0 0 1 0 0 0 0 0
545 4 0 0 2 0 0 0 0 0
fn=_IO_file_overflow@@GLIBC_2.2.5
824 8 2 1 0 0 0 6 0 0
825 6 0 0 2 0 0 0 0 0
832 10 0 0 2 0 0 0 0 0
835 2 1 1 1 0 0 0 0 0
837 2 1 1 0 0 0 1 0 0
838 6 0 0 2 0 0 3 0 0
847 2 1 1 0 0 0 0 0 0
856 4 0 0 2 0 0 0 0 0
858 1 0 0 0 0 0 1 0 0
859 2 0 0 0 0 0 1 0 0
860 1 0 0 0 0 0 1 0 0
861 2 0 0 0 0 0 2 0 0
863 3 1 1 0 0 0 1 0 0
864 5 0 0 1 0 0 0 0 0
867 4 0 0 0 0 0 0 0 0
868 4 1 1 0 0 0 0 0 0
869 2 0 0 0 0 0 0 0 0
880 6 0 0 6 0 0 0 0 0
fn=_IO_file_read
1204 8 1 1 4 0 0 0 0 0
fn=_IO_file_setbuf@@GLIBC_2.2.5
461 2 1 1 0 0 0 1 0 0
462 3 0 0 0 0 0 1 0 0
465 2 0 0 0 0 0 2 0 0
466 2 0 0 1 0 0 1 0 0
467 3 0 0 0 0 0 3 0 0
469 1 0 0 0 0 0 0 0 0
470 2 0 0 2 0 0 0 0 0
fn=_IO_file_stat
1222 2 1 1 0 0 0 0 0 0
1223 6 0 0 2 0 0 0 0 0
fn=_IO_file_sync@@GLIBC_2.2.5
886 2 1 1 0 0 0 1 0 0
891 4 0 0 2 0 0 0 0 0
893 1 1 1 1 0 0 0 0 0
894 2 0 0 1 0 0 0 0 0
911 2 0 0 0 0 0 1 0 0
915 2 0 0 2 0 0 0 0 0
fn=_IO_file_underflow@@GLIBC_2.2.5
552 8 1 1 0 0 0 4 0 0
560 6 2 1 2 0 0 0 0 0
566 6 0 0 4 0 0 0 0 0
569 4 0 0 2 0 0 0 0 0
572 3 2 2 1 0 0 0 0 0
577 4 0 0 1 0 0 1 0 0
582 4 0 0 0 0 0 0 0 0
602 4 2 1 0 0 0 2 0 0
608 6 0 0 2 0 0 4 0 0
609 2 0 0 0 0 0 2 0 0
610 4 0 0 0 0 0 4 0 0
611 2 0 0 0 0 0 2 0 0
613 10 2 1 6 0 0 2 0 0
615 4 0 0 0 0 0 0 0 0
617 1 0 0 0 0 0 0 0 0
618 3 1 0 1 0 0 1 0 0
622 1 0 0 1 0 0 0 0 0
624 1 0 0 0 0 0 0 0 0
625 3 0 0 1 0 0 0 0 0
627 2 0 0 2 1 0 0 0 0
628 8 0 0 6 0 0 0 0 0
fn=_IO_file_write@@GLIBC_2.2.5
1254 7 1 1 0 0 0 4 0 0
1256 7 0 0 0 0 0 0 0 0
1260 3 0 0 1 0 0 0 0 0
1261 3 1 1 1 0 0 1 0 0
1262 2 0 0 0 0 0 0 0 0
1267 1 0 0 0 0 0 0 0 0
1268 1 0 0 0 0 0 0 0 0
1271 3 0 0 1 0 0 0 0 0
1274 9 1 1 5 0 0 0 0 0
fn=_IO_file_xsputn@@GLIBC_2.2.5
1281 464 1 1 0 0 0 348 0 0
1287 116 0 0 0 0 0 0 0 0
1288 58 0 0 0 0 0 0 0 0
1294 204 0 0 34 0 0 0 0 0
1311 138 1 1 68 0 0 0 0 0
1312 66 0 0 0 0 0 0 0 0
1315 132 0 0 0 0 0 0 0 0
1320 165 0 0 0 0 0 66 0 0
1325 33 0 0 0 0 0 0 0 0
1326 99 0 0 0 0 0 0 0 0
1328 102 0 0 0 0 0 0 0 0
1332 6 0 0 2 1 0 1 1 0
1338 2 0 0 2 0 0 0 0 0
1339 6 1 1 0 0 0 0 0 0
1341 3 0 0 0 0 0 0 0 0
1352 2 0 0 0 0 0 0 0 0
1353 6 0 0 0 0 0 1 0 0
1355 68 0 0 0 0 0 0 0 0
1356 464 1 1 406 0 0 0 0 0
fl=/build/buildd/eglibc-2.19/libio/genops.c
fn=_IO_cleanup
950 13 2 2 4 0 0 0 0 0
952 9 0 0 3 0 0 0 0 0
953 4 0 0 0 0 0 0 0 0
954 2 0 0 0 0 0 0 0 0
956 4 0 0 1 0 0 0 0 0
962 17 1 1 7 0 0 2 0 0
970 5 0 0 2 0 0 0 0 0
972 2 0 0 0 0 0 1 0 0
974 2 0 0 1 0 0 1 0 0
975 1 1 1 0 0 0 1 0 0
976 2 0 0 1 0 0 1 0 0
977 4 0 0 1 0 0 1 0 0
980 5 0 0 2 0 0 1 0 0
983 5 0 0 1 0 0 0 0 0
984 8 1 1 3 0 0 1 0 0
990 3 1 1 0 0 0 3 0 0
1010 5 1 1 0 0 0 4 0 0
1013 3 0 0 0 0 0 1 0 0
1025 7 0 0 5 0 0 0 0 0
fn=_IO_default_setbuf
400 5 0 0 1 0 0 0 0 0
402 1 0 0 0 0 0 1 0 0
403 1 0 0 0 0 0 1 0 0
407 2 1 1 0 0 0 1 0 0
557 6 1 1 0 0 0 3 0 0
558 4 1 1 2 0 0 1 0 0
560 2 0 0 0 0 0 0 0 0
562 2 0 0 0 0 0 1 0 0
563 2 0 0 0 0 0 0 0 0
567 2 0 0 1 0 0 0 0 0
570 3 0 0 0 0 0 3 0 0
571 3 0 0 0 0 0 3 0 0
572 1 0 0 0 0 0 0 0 0
573 4 1 1 4 0 0 0 0 0
fn=_IO_default_uflow
434 4 0 0 0 0 0 2 0 0
435 4 1 1 4 0 0 2 0 0
436 4 0 0 0 0 0 0 0 0
438 4 1 1 2 0 0 1 0 0
439 4 1 0 4 0 0 0 0 0
fn=_IO_default_xsputn
447 6 0 0 0 0 0 5 0 0
450 6 0 0 0 0 0 0 0 0
451 1 0 0 0 0 0 0 0 0
455 4 1 1 2 0 0 0 0 0
457 3 0 0 0 0 0 0 0 0
460 2 0 0 0 0 0 0 0 0
470 12 1 1 0 0 0 0 0 0
474 5 1 1 0 0 0 0 0 0
475 6 1 1 1 0 0 2 1 1
478 1 0 0 0 0 0 0 0 0
480 2 0 0 0 0 0 0 0 0
484 2 0 0 0 0 0 0 0 0
485 6 0 0 6 0 0 0 0 0
fn=_IO_doallocbuf
414 8 1 1 0 0 0 6 0 0
415 4 0 0 2 0 0 0 0 0
417 6 1 1 2 0 0 0 0 0
418 10 0 0 4 1 0 2 1 0
421 8 0 0 8 0 0 0 0 0
fn=_IO_flush_all_lockp
822 8 1 1 0 0 0 6 0 0
823 1 0 0 0 0 0 0 0 0
828 3 0 0 0 0 0 0 0 0
833 1 0 0 1 1 1 0 0 0
834 1 1 1 1 1 0 0 0 0
835 8 0 0 0 0 0 0 0 0
837 3 0 0 0 0 0 3 0 0
838 6 1 1 0 0 0 0 0 0
839 2 0 0 1 0 0 0 0 0
841 20 2 2 9 2 1 0 0 0
848 4 0 0 2 0 0 1 0 0
849 3 0 0 0 0 0 0 0 0
851 6 1 1 0 0 0 0 0 0
853 3 1 1 0 0 0 3 0 0
855 9 1 1 3 0 0 0 0 0
862 3 0 0 3 1 0 0 0 0
866 2 0 0 0 0 0 0 0 0
868 2 0 0 0 0 0 0 0 0
872 9 0 0 7 0 0 0 0 0
fn=_IO_setb
399 10 1 1 0 0 0 4 1 0
400 8 0 0 4 0 0 0 0 0
402 2 0 0 0 0 0 2 0 0
403 2 0 0 0 0 0 2 0 0
405 12 0 0 0 0 0 2 0 0
408 8 0 0 6 0 0 0 0 0
fn=_IO_switch_to_get_mode
182 4 0 0 0 0 0 2 0 0
183 6 1 1 4 0 0 0 0 0
186 6 1 1 2 0 0 0 0 0
190 4 0 0 2 0 0 2 0 0
191 4 0 0 2 0 0 0 0 0
194 2 0 0 0 0 0 2 0 0
196 4 0 0 0 0 0 4 0 0
198 4 0 0 0 0 0 2 0 0
199 2 0 0 0 0 0 0 0 0
200 4 0 0 4 0 0 0 0 0
fn=__uflow
363 4 1 1 0 0 0 2 0 0
365 9 1 1 2 1 0 1 0 0
371 10 1 1 6 0 0 0 0 0
374 4 0 0 0 0 0 0 0 0
376 4 0 0 0 0 0 0 0 0
382 4 0 0 2 1 1 0 0 0
387 6 3 2 2 0 0 0 0 0
389 8 0 0 4 1 0 0 0 0
390 2 0 0 2 0 0 0 0 0
fl=/build/buildd/eglibc-2.19/libio/getchar.c
fn=getchar
34 100 1 1 0 0 0 100 0 0
36 1900 1 1 1100 4 2 100 0 0
37 600 3 2 298 1 1 100 0 0
40 300 0 0 200 0 0 0 0 0
fl=/build/buildd/eglibc-2.19/libio/libioP.h
fn=getchar
904 200 0 0 100 0 0 0 0 0
905 800 0 0 400 0 0 100 0 0
fl=/build/buildd/eglibc-2.19/malloc/arena.c
fn=malloc_hook_ini
373 3 1 1 1 1 1 0 0 0
fn=ptmalloc_init.part.7
334 219 0 0 73 10 0 0 0 0
336 144 0 0 72 38 0 0 0 0
337 2 0 0 1 0 0 0 0 0
338 2 0 0 1 0 0 0 0 0
352 72 0 0 0 0 0 0 0 0
371 6 1 1 0 0 0 5 0 0
376 1 0 0 0 0 0 1 0 0
384 2 0 0 1 0 0 0 0 0
385 7 2 2 0 0 0 1 0 0
386 4 0 0 2 0 0 0 0 0
391 3 1 1 1 1 0 1 1 0
392 12 1 1 1 1 0 6 2 2
394 5 0 0 2 1 0 0 0 0
410 2 1 1 0 0 0 0 0 0
455 2 0 0 0 0 0 0 0 0
461 2 0 0 2 1 1 0 0 0
462 2 0 0 0 0 0 0 0 0
464 1 0 0 0 0 0 1 1 0
465 7 0 0 6 1 0 0 0 0
fn=realloc_hook_ini
373 3 0 0 1 0 0 0 0 0
fl=/build/buildd/eglibc-2.19/malloc/hooks.c
fn=malloc_hook_ini
29 4 0 0 1 0 0 2 0 0
30 2 1 1 1 0 0 1 0 0
32 1 0 0 0 0 0 0 0 0
33 1 0 0 0 0 0 0 0 0
fn=realloc_hook_ini
38 2 0 0 1 0 0 1 0 0
39 2 1 1 1 0 0 1 0 0
41 1 0 0 0 0 0 0 0 0
fl=/build/buildd/eglibc-2.19/malloc/malloc.c
fn=_int_free
1869 792 0 0 264 0 0 0 0 0
3814 2376 1 1 0 0 0 1848 0 0
3827 792 0 0 264 0 0 0 0 0
3833 1056 1 1 0 0 0 0 0 0
3834 528 0 0 0 0 0 0 0 0
3845 1056 0 0 0 0 0 0 0 0
3858 792 0 0 264 0 0 0 0 0
3869 1056 1 1 264 0 0 0 0 0
3870 792 0 0 264 0 0 0 0 0
3894 264 0 0 0 0 0 0 0 0
3896 792 1 1 528 0 0 0 0 0
3897 528 0 0 0 0 0 0 0 0
3898 528 0 0 0 0 0 0 0 0
3901 264 0 0 264 0 0 0 0 0
3902 1056 0 0 0 0 0 0 0 0
3907 792 0 0 264 0 0 0 0 0
3916 842 1 1 0 0 0 0 0 0
3917 9 0 0 3 0 0 0 0 0
3918 264 0 0 0 0 0 264 0 0
3920 1584 0 0 528 0 0 0 0 0
3922 848 0 0 0 0 0 0 0 0
4087 2112 1 1 1848 0 0 0 0 0
fn=_int_malloc
1862 792 0 0 264 1 1 0 0 0
2271 5 0 0 2 2 0 2 0 0
2272 2 1 1 0 0 0 0 0 0
2282 2 0 0 1 1 1 0 0 0
2360 1 0 0 0 0 0 0 0 0
2369 4 2 2 0 0 0 0 0 0
2378 3 1 1 0 0 0 0 0 0
2433 2 1 1 1 0 0 0 0 0
2442 5 0 0 1 0 0 0 0 0
2452 9 1 1 1 0 0 2 0 0
2460 2 0 0 0 0 0 0 0 0
2462 6 0 0 3 1 0 2 0 0
2466 5 0 0 2 0 0 0 0 0
2469 2 1 1 2 0 0 0 0 0
2470 2 0 0 0 0 0 0 0 0
2489 1 0 0 0 0 0 0 0 0
2516 2 0 0 1 1 1 0 0 0
2517 1 0 0 0 0 0 1 0 0
2518 3 0 0 1 0 0 1 0 0
2524 2 1 1 0 0 0 0 0 0
2527 8 3 3 1 0 0 0 0 0
2569 6 2 2 0 0 0 0 0 0
2588 1 0 0 0 0 0 0 0 0
2591 2 0 0 0 0 0 0 0 0
2592 7 1 1 2 0 0 0 0 0
2594 2 0 0 0 0 0 0 0 0
2595 4 0 0 2 0 0 2 0 0
2607 3 0 0 1 0 0 0 0 0
2615 2 1 1 2 0 0 0 0 0
2616 3 0 0 1 0 0 0 0 0
2654 1 0 0 0 0 0 1 0 0
2655 5 0 0 0 0 0 1 1 1
2656 2 0 0 0 0 0 1 0 0
2667 2 1 1 0 0 0 0 0 0
2700 2 1 1 1 0 0 0 0 0
2701 1 1 1 0 0 0 1 0 0
2706 2 0 0 1 0 0 0 0 0
2709 2 0 0 1 0 0 0 0 0
2711 1 0 0 0 0 0 0 0 0
2712 1 0 0 0 0 0 0 0 0
2713 1 0 0 0 0 0 1 0 0
2714 8 0 0 0 0 0 1 0 0
2715 2 0 0 0 0 0 1 0 0
2717 1 0 0 0 0 0 0 0 0
3302 2112 1 1 0 0 0 1848 0 0
3332 2640 0 0 0 0 0 0 0 0
3340 528 1 1 264 1 1 0 0 0
3342 789 0 0 0 0 0 0 0 0
3343 789 0 0 0 0 0 0 0 0
3344 263 0 0 263 0 0 0 0 0
3348 526 0 0 0 0 0 0 0 0
3351 1296 0 0 648 0 0 0 0 0
3352 648 0 0 0 0 0 0 0 0
3355 1080 1 1 216 0 0 0 0 0
3377 96 2 2 0 0 0 0 0 0
3379 96 0 0 0 0 0 0 0 0
3380 96 0 0 0 0 0 0 0 0
3382 144 0 0 48 1 1 0 0 0
3384 2 0 0 0 0 0 0 0 0
3423 4 1 1 1 0 0 2 1 0
3442 240 1 1 48 0 0 0 0 0
3576 96 1 1 0 0 0 0 0 0
3649 48 0 0 0 0 0 0 0 0
3650 96 0 0 0 0 0 0 0 0
3651 96 0 0 0 0 0 0 0 0
3652 96 0 0 48 0 0 0 0 0
3653 96 0 0 0 0 0 0 0 0
3658 288 1 1 0 0 0 0 0 0
3662 528 1 1 0 0 0 0 0 0
3665 576 0 0 144 1 0 0 0 0
3743 216 0 0 0 0 0 0 0 0
3765 48 0 0 48 0 0 0 0 0
3766 144 0 0 48 0 0 0 0 0
3768 144 1 1 0 0 0 0 0 0
3770 47 0 0 0 0 0 0 0 0
3771 47 0 0 0 0 0 0 0 0
3772 47 0 0 0 0 0 47 0 0
3773 376 2 2 0 0 0 47 0 0
3775 94 0 0 0 0 0 47 26 26
3778 47 0 0 0 0 0 0 0 0
3785 2 0 0 1 0 0 0 0 0
3790 192 0 0 0 0 0 48 0 0
3792 1200 1 1 0 0 0 480 0 0
3801 2 0 0 0 0 0 0 0 0
3806 2376 1 1 1848 0 0 0 0 0
4990 192 0 0 0 0 0 96 0 0
4992 144 2 2 48 0 0 48 0 0
5000 1 1 1 0 0 0 1 0 0
fn=_int_realloc
4208 42 1 1 0 0 0 30 0 0
4229 18 0 0 6 0 0 0 0 0
4230 30 1 1 6 0 0 0 0 0
4241 12 0 0 0 0 0 0 0 0
4243 6 0 0 0 0 0 0 0 0
4244 18 0 0 6 0 0 0 0 0
4245 12 0 0 0 0 0 0 0 0
4246 12 0 0 0 0 0 0 0 0
4252 12 1 1 0 0 0 0 0 0
4262 6 0 0 3 0 0 0 0 0
4274 6 0 0 3 0 0 0 0 0
4286 15 1 1 0 0 0 6 0 0
4287 6 0 0 0 0 0 0 0 0
4290 3 0 0 0 0 0 0 0 0
4291 3 0 0 3 0 0 0 0 0
4296 9 1 1 3 0 0 0 0 0
4309 3 0 0 0 0 0 0 0 0
4312 6 0 0 0 0 0 0 0 0
4313 6 0 0 0 0 0 0 0 0
4315 6 0 0 0 0 0 0 0 0
4320 6 0 0 3 0 0 3 0 0
4321 6 0 0 3 0 0 3 0 0
4322 6 0 0 3 0 0 3 1 1
4323 6 0 0 0 0 0 0 0 0
4325 2 0 0 1 0 0 1 0 0
4326 2 0 0 1 0 0 1 0 0
4327 2 1 1 0 0 0 0 0 0
4340 12 1 1 0 0 0 3 0 0
4342 3 0 0 0 0 0 0 0 0
4351 6 1 1 0 0 0 0 0 0
4353 6 0 0 0 0 0 0 0 0
4355 27 3 1 0 0 0 3 0 0
4356 6 0 0 3 0 0 0 0 0
4370 3 3 1 0 0 0 0 0 0
4371 42 0 0 36 0 0 0 0 0
fn=free
2917 522 1 1 522 0 0 0 0 0
2918 522 1 1 0 0 0 0 0 0
2924 522 0 0 0 0 0 0 0 0
2927 261 0 0 0 0 0 0 0 0
2929 783 0 0 261 0 0 0 0 0
2945 783 0 0 0 0 0 0 0 0
2946 522 0 0 0 0 0 0 0 0
fn=malloc
2876 1048 1 1 0 0 0 524 1 0
2881 524 0 0 524 3 0 0 0 0
2882 524 0 0 0 0 0 0 0 0
2883 2 1 1 1 0 0 0 0 0
2885 522 0 0 522 0 0 0 0 0
2887 2088 1 1 522 1 0 0 0 0
2891 1044 0 0 0 0 0 261 0 0
2892 522 0 0 0 0 0 0 0 0
2903 1044 1 1 522 0 0 0 0 0
2904 2088 0 0 261 0 0 0 0 0
2907 1308 1 1 786 0 0 0 0 0
fn=malloc_consolidate
1785 381 0 0 0 0 0 0 0 0
1788 381 0 0 0 0 0 254 31 31
1792 3 1 1 0 0 0 0 0 0
1796 3 1 1 1 0 0 1 0 0
1797 2 0 0 0 0 0 1 0 0
1799 1 0 0 0 0 0 1 1 1
4104 8 1 1 0 0 0 6 0 0
4126 5 0 0 1 0 0 0 0 0
4199 8 0 0 7 0 0 0 0 0
4996 1 1 1 0 0 0 0 0 0
fn=realloc
2952 63 2 2 0 0 0 42 0 0
2959 14 0 0 14 2 0 0 0 0
2960 14 0 0 0 0 0 0 0 0
2961 2 1 1 1 0 0 0 0 0
2964 24 1 1 0 0 0 0 0 0
2971 12 0 0 0 0 0 0 0 0
2975 6 0 0 0 0 0 0 0 0
2977 18 0 0 6 0 0 0 0 0
2983 24 1 1 0 0 0 0 0 0
2984 12 0 0 0 0 0 0 0 0
2990 48 0 0 0 0 0 0 0 0
2992 12 0 0 0 0 0 0 0 0
3015 18 1 1 0 0 0 0 0 0
3025 36 0 0 12 0 0 0 0 0
3029 36 1 1 0 0 0 6 0 0
3031 24 0 0 12 0 0 0 0 0
3032 66 1 1 6 0 0 0 0 0
3048 55 0 0 49 0 0 0 0 0
fl=/build/buildd/eglibc-2.19/malloc/morecore.c
fn=__default_morecore
46 2 1 1 0 0 0 0 0 0
47 2 0 0 0 0 0 2 0 0
49 6 0 0 0 0 0 0 0 0
52 6 0 0 2 0 0 0 0 0
fl=/build/buildd/eglibc-2.19/math/../sysdeps/ieee754/dbl-64/wordsize-64/s_isinf.c
fn=isinf
19 19 0 0 0 0 0 0 0 0
20 38 2 1 0 0 0 0 0 0
21 38 0 0 0 0 0 0 0 0
22 57 0 0 0 0 0 0 0 0
23 76 0 0 0 0 0 0 0 0
24 19 0 0 19 0 0 0 0 0
fl=/build/buildd/eglibc-2.19/math/../sysdeps/ieee754/dbl-64/wordsize-64/s_isnan.c
fn=isnan
26 19 0 0 0 0 0 0 0 0
27 38 2 2 0 0 0 0 0 0
28 38 0 0 0 0 0 0 0 0
29 19 0 0 0 0 0 0 0 0
30 19 0 0 19 0 0 0 0 0
fl=/build/buildd/eglibc-2.19/misc/../sysdeps/unix/syscall-template.S
fn=mmap
81 55 2 2 0 0 0 0 0 0
82 11 0 0 11 0 0 0 0 0
fn=mprotect
81 24 1 1 0 0 0 0 0 0
82 6 0 0 6 0 0 0 0 0
fn=munmap
81 4 0 0 0 0 0 0 0 0
82 1 0 0 1 0 0 0 0 0
fl=/build/buildd/eglibc-2.19/misc/../sysdeps/unix/sysv/linux/x86_64/brk.c
fn=brk
28 2 0 0 0 0 0 0 0 0
31 16 1 1 2 0 0 2 0 0
33 4 0 0 0 0 0 0 0 0
39 2 0 0 0 0 0 0 0 0
40 2 0 0 2 0 0 0 0 0
fl=/build/buildd/eglibc-2.19/misc/init-misc.c
fn=__init_misc
30 4 1 1 0 0 0 2 0 0
31 5 0 0 1 0 0 0 0 0
33 3 0 0 0 0 0 1 0 0
37 5 0 0 1 1 0 1 1 0
38 3 1 1 2 0 0 1 0 0
40 4 0 0 3 0 0 0 0 0
fl=/build/buildd/eglibc-2.19/misc/sbrk.c
fn=sbrk
34 8 1 1 0 0 0 6 0 0
42 11 0 0 5 3 1 0 0 0
43 6 1 1 1 0 0 1 0 0
46 4 0 0 0 0 0 0 0 0
50 4 0 0 0 0 0 0 0 0
53 3 0 0 0 0 0 1 0 0
57 10 0 0 8 0 0 0 0 0
fl=/build/buildd/eglibc-2.19/nptl/../nptl/sysdeps/unix/sysv/linux/register-atfork.c
fn=__linkin_atfork
116 2 1 1 1 1 1 1 0 0
117 6 1 1 2 1 0 0 0 0
119 1 0 0 1 0 0 0 0 0
fl=/build/buildd/eglibc-2.19/nptl/../nptl/sysdeps/unix/sysv/linux/unregister-atfork.c
fn=__unregister_atfork
28 2 0 0 0 0 0 1 0 0
36 1 1 1 1 0 0 0 0 0
39 4 1 1 0 0 0 0 0 0
40 3 0 0 1 0 0 0 0 0
45 1 0 0 1 0 0 0 0 0
121 2 0 0 2 0 0 0 0 0
fl=/build/buildd/eglibc-2.19/posix/../sysdeps/unix/syscall-template.S
fn=uname
81 4 1 1 0 0 0 0 0 0
82 1 0 0 1 0 0 0 0 0
fl=/build/buildd/eglibc-2.19/posix/../sysdeps/unix/sysv/linux/_exit.c
fn=_Exit
28 2 1 1 1 0 0 0 0 0
32 4 1 1 0 0 0 0 0 0
34 2 0 0 0 0 0 0 0 0
fl=/build/buildd/eglibc-2.19/setjmp/../sysdeps/x86_64/bsd-_setjmp.S
fn=_setjmp
30 1 1 1 0 0 0 0 0 0
32 1 0 0 0 0 0 0 0 0
fl=/build/buildd/eglibc-2.19/setjmp/../sysdeps/x86_64/setjmp.S
fn=__sigsetjmp
26 4 2 2 0 0 0 4 0 0
35 4 0 0 0 0 0 0 0 0
36 8 1 1 4 0 0 0 0 0
37 4 0 0 0 0 0 4 0 0
41 4 0 0 0 0 0 4 0 0
42 4 0 0 0 0 0 4 0 0
43 4 0 0 0 0 0 4 0 0
44 4 0 0 0 0 0 4 1 1
45 4 0 0 0 0 0 0 0 0
47 8 0 0 4 0 0 0 0 0
49 4 0 0 0 0 0 4 0 0
50 4 1 1 4 0 0 0 0 0
53 8 0 0 4 0 0 0 0 0
55 4 0 0 0 0 0 4 0 0
59 3 0 0 0 0 0 0 0 0
60 3 0 0 3 0 0 0 0 0
64 1 0 0 0 0 0 0 0 0
fl=/build/buildd/eglibc-2.19/setjmp/sigjmp.c
fn=__sigjmp_save
28 2 0 0 0 0 0 1 0 0
29 4 0 0 0 0 0 1 0 0
34 3 0 0 2 0 0 0 0 0
fl=/build/buildd/eglibc-2.19/stdio-common/../include/rounding-mode.h
fn=__printf_fp
52 38 1 1 0 0 0 0 0 0
fl=/build/buildd/eglibc-2.19/stdio-common/../nptl/sysdeps/pthread/allocalim.h
fn=__printf_fp
28 38 0 0 0 0 0 0 0 0
fl=/build/buildd/eglibc-2.19/stdio-common/../sysdeps/generic/get-rounding-mode.h
fn=__printf_fp
93 19 0 0 0 0 0 19 0 0
94 133 1 1 19 0 0 0 0 0
fl=/build/buildd/eglibc-2.19/stdio-common/_itoa.c
fn=_itoa_word
168 20 1 1 0 0 0 0 0 0
170 10 0 0 0 0 0 0 0 0
179 70 2 2 5 1 1 5 0 0
188 10 0 0 5 0 0 0 0 0
fl=/build/buildd/eglibc-2.19/stdio-common/fprintf.c
fn=fprintf
27 355 2 2 0 0 0 268 0 0
31 174 1 1 0 0 0 116 0 0
32 58 0 0 0 0 0 29 0 0
36 58 0 0 29 0 0 0 0 0
fl=/build/buildd/eglibc-2.19/stdio-common/printf-parse.h
fn=read_int
73 57 1 1 38 0 0 0 0 0
75 133 1 1 38 0 0 19 0 0
85 19 0 0 0 0 0 0 0 0
93 19 0 0 19 0 0 0 0 0
fn=vfprintf
108 212 1 1 0 0 0 106 2 0
fl=/build/buildd/eglibc-2.19/stdio-common/printf_fp.c
fn=__printf_fp
161 190 1 1 0 0 0 114 0 0
175 19 0 0 0 0 0 19 0 0
176 19 1 1 0 0 0 19 0 0
194 19 1 1 0 0 0 19 0 0
196 19 0 0 0 0 0 19 0 0
208 19 1 1 0 0 0 0 0 0
215 114 0 0 19 0 0 19 0 0
274 38 0 0 0 0 0 0 0 0
276 114 0 0 76 0 0 38 0 0
277 38 0 0 19 0 0 19 0 0
300 57 1 1 19 0 0 0 0 0
342 19 1 1 0 0 0 19 0 0
349 38 0 0 0 0 0 0 0 0
351 19 0 0 19 0 0 0 0 0
396 57 1 1 19 0 0 19 0 0
400 57 0 0 0 0 0 19 0 0
415 95 1 1 19 0 0 19 0 0
431 190 2 2 19 0 0 57 0 0
435 76 0 0 0 0 0 0 0 0
471 133 1 1 19 0 0 0 0 0
472 19 0 0 0 0 0 0 0 0
473 19 0 0 0 0 0 0 0 0
474 19 0 0 0 0 0 0 0 0
475 114 0 0 0 0 0 19 0 0
476 76 1 1 0 0 0 19 0 0
477 76 0 0 0 0 0 19 0 0
483 19 0 0 0 0 0 19 0 0
484 38 0 0 0 0 0 0 0 0
493 51 0 0 0 0 0 0 0 0
501 153 1 1 0 0 0 17 0 0
503 102 1 1 0 0 0 0 0 0
504 170 0 0 34 0 0 17 0 0
505 204 4 2 0 0 0 34 0 0
506 102 1 1 34 0 0 34 0 0
508 34 4 1 0 0 0 0 0 0
513 221 1 1 0 0 0 0 0 0
517 1105 0 0 221 5 5 0 0 0
519 52 0 0 0 0 0 0 0 0
542 20 0 0 20 0 0 0 0 0
543 120 0 0 40 0 0 20 0 0
549 42 1 1 18 0 0 6 0 0
551 6 0 0 6 0 0 0 0 0
553 42 0 0 12 0 0 0 0 0
558 243 0 0 87 0 0 26 0 0
561 85 0 0 34 0 0 34 0 0
562 68 1 1 51 0 0 0 0 0
563 68 0 0 0 0 0 0 0 0
564 85 0 0 17 0 0 0 0 0
567 221 0 0 0 0 0 0 0 0
569 867 0 0 204 0 0 0 0 0
570 34 0 0 17 0 0 17 0 0
576 85 1 1 17 0 0 0 0 0
580 272 1 1 85 0 0 0 0 0
584 51 0 0 17 0 0 0 0 0
586 34 1 1 0 0 0 0 0 0
602 34 0 0 0 0 0 0 0 0
603 68 0 0 34 0 0 0 0 0
606 51 0 0 0 0 0 0 0 0
615 68 0 0 0 0 0 0 0 0
623 19 1 1 0 0 0 0 0 0
625 34 1 1 0 0 0 0 0 0
643 170 0 0 0 0 0 34 0 0
644 17 0 0 0 0 0 0 0 0
646 17 0 0 17 0 0 0 0 0
647 119 1 1 51 0 0 17 0 0
650 153 0 0 51 0 0 17 0 0
655 4 1 1 0 0 0 0 0 0
822 8 0 0 0 0 0 2 1 0
823 10 0 0 4 0 0 4 0 0
824 4 0 0 0 0 0 2 0 0
828 38 1 1 19 0 0 19 0 0
837 19 0 0 0 0 0 19 0 0
838 114 0 0 76 3 1 19 0 0
840 38 2 1 0 0 0 0 0 0
850 38 0 0 19 0 0 0 0 0
852 19 0 0 0 0 0 19 0 0
853 133 2 2 38 0 0 38 0 0
854 19 0 0 0 0 0 19 0 0
855 19 0 0 0 0 0 19 0 0
856 57 0 0 19 0 0 0 0 0
858 57 1 1 19 0 0 19 0 0
860 38 0 0 0 0 0 19 0 0
898 57 1 1 19 0 0 0 0 0
912 114 1 1 19 0 0 0 0 0
913 19 0 0 19 0 0 0 0 0
919 38 1 1 19 0 0 0 0 0
920 19 0 0 0 0 0 19 0 0
921 19 0 0 0 0 0 19 0 0
929 114 1 1 19 0 0 19 0 0
930 38 0 0 19 0 0 0 0 0
933 57 0 0 19 0 0 0 0 0
936 426 4 2 133 0 0 57 0 0
939 168 0 0 0 0 0 84 1 0
941 19 1 1 0 0 0 19 0 0
942 38 0 0 19 0 0 0 0 0
943 57 0 0 19 0 0 0 0 0
945 114 0 0 38 0 0 19 0 0
957 57 0 0 0 0 0 19 0 0
958 152 0 0 38 0 0 38 0 0
959 114 1 1 0 0 0 0 0 0
960 114 1 1 19 0 0 0 0 0
962 19 0 0 0 0 0 0 0 0
963 57 0 0 19 0 0 38 0 0
964 57 1 1 0 0 0 0 0 0
966 57 0 0 19 0 0 0 0 0
975 57 0 0 38 0 0 0 0 0
976 76 0 0 19 0 0 57 0 0
978 114 1 1 38 0 0 0 0 0
979 21 0 0 0 0 0 0 0 0
980 108 1 1 53 0 0 0 0 0
982 17 0 0 0 0 0 0 0 0
983 4 0 0 2 0 0 0 0 0
987 2 0 0 0 0 0 0 0 0
988 26 1 1 6 0 0 0 0 0
1094 57 1 1 0 0 0 0 0 0
1101 38 0 0 0 0 0 0 0 0
1104 38 1 1 19 0 0 0 0 0
1117 57 1 1 19 0 0 0 0 0
1163 106 1 1 38 0 0 0 0 0
1164 4 0 0 4 0 0 0 0 0
1165 133 1 1 19 0 0 38 0 0
1167 133 0 0 19 0 0 0 0 0
1170 38 0 0 0 0 0 0 0 0
1171 44 0 0 16 0 0 8 0 0
1172 45 4 1 15 0 0 0 0 0
1174 30 1 1 0 0 0 0 0 0
1175 118 3 2 76 0 0 0 0 0
1177 76 1 1 19 0 0 0 0 0
1186 57 0 0 19 0 0 0 0 0
1192 57 0 0 19 0 0 0 0 0
1196 76 1 1 19 0 0 57 0 0
1198 76 0 0 38 0 0 0 0 0
1199 38 0 0 0 0 0 19 0 0
1203 38 1 1 19 0 0 0 0 0
1204 38 0 0 19 0 0 0 0 0
1205 38 1 1 19 0 0 0 0 0
1216 95 0 0 0 0 0 0 0 0
1217 38 0 0 0 0 0 19 0 0
1223 506 1 1 38 0 0 76 0 0
1224 240 0 0 80 0 0 0 0 0
1225 95 0 0 38 0 0 19 0 0
1226 122 0 0 0 0 0 0 0 0
1229 122 0 0 0 0 0 61 0 0
1232 19 0 0 0 0 0 0 0 0
1233 38 1 1 19 0 0 0 0 0
1250 1226 6 4 259 0 0 160 0 0
1253 38 1 1 19 0 0 0 0 0
1260 57 0 0 19 0 0 0 0 0
1264 152 1 1 133 0 0 0 0 0
fn=hack_digit.13629
231 320 1 1 0 0 0 160 0 0
234 240 0 0 80 0 0 0 0 0
236 240 1 1 80 0 0 0 0 0
238 24 1 1 18 0 0 0 0 0
239 30 0 0 0 0 0 12 0 0
243 222 0 0 74 0 0 0 0 0
247 444 1 1 222 0 0 74 0 0
248 370 0 0 222 0 0 74 0 0
249 74 0 0 74 0 0 0 0 0
251 74 1 1 0 0 0 74 0 0
252 572 0 0 148 0 0 0 0 0
253 54 0 0 0 0 0 0 0 0
258 54 0 0 0 0 0 54 0 0
259 54 0 0 0 0 0 0 0 0
263 60 0 0 0 0 0 20 0 0
264 40 0 0 0 0 0 0 0 0
265 85 0 0 34 0 0 34 0 0
269 446 1 1 240 0 0 0 0 0
fl=/build/buildd/eglibc-2.19/stdio-common/vfprintf.c
fn=vfprintf
235 319 2 2 0 0 0 174 0 0
240 24 0 0 0 0 0 24 0 0
270 87 0 0 58 0 0 29 1 0
274 24 0 0 0 0 0 24 1 0
277 24 1 1 0 0 0 24 0 0
283 24 0 0 0 0 0 24 0 0
1295 144 0 0 29 1 0 1 0 0
1299 145 1 1 29 1 1 0 0 0
1310 58 0 0 0 0 0 0 0 0
1317 24 0 0 0 0 0 24 0 0
1321 174 0 0 87 0 0 87 0 0
1325 24 0 0 0 0 0 24 0 0
1332 29 0 0 0 0 0 29 0 0
1336 290 2 2 58 1 0 116 0 0
1337 435 1 1 232 1 0 29 0 0
1340 377 2 2 87 0 0 87 0 0
1344 87 1 1 58 0 0 0 0 0
1348 168 0 0 72 1 0 0 0 0
1375 24 0 0 0 0 0 24 0 0
1376 24 0 0 0 0 0 24 0 0
1377 24 2 1 0 0 0 24 0 0
1378 24 0 0 0 0 0 24 0 0
1379 24 0 0 0 0 0 24 1 0
1380 24 0 0 0 0 0 24 0 0
1381 24 0 0 0 0 0 24 0 0
1382 24 0 0 0 0 0 24 0 0
1383 24 0 0 0 0 0 24 0 0
1384 24 1 1 0 0 0 24 0 0
1385 24 0 0 0 0 0 24 0 0
1388 24 0 0 0 0 0 24 0 0
1389 24 0 0 0 0 0 24 0 0
1392 24 0 0 0 0 0 24 0 0
1393 24 0 0 0 0 0 0 0 0
1396 408 3 2 96 3 3 48 0 0
1551 76 1 1 19 0 0 19 0 0
1552 57 1 1 19 0 0 0 0 0
1559 72 0 0 0 0 0 24 1 0
1578 76 0 0 0 0 0 0 0 0
1580 105 1 1 19 0 0 62 0 0
1584 38 0 0 0 0 0 0 0 0
1592 19 0 0 0 0 0 19 0 0
1593 38 2 1 19 0 0 0 0 0
1614 38 2 1 19 0 0 0 0 0
1617 285 0 0 76 1 1 19 0 0
1660 2094 50 31 537 0 0 359 1 0
1680 48 1 1 24 0 0 0 0 0
1682 24 0 0 0 0 0 24 0 0
1688 96 1 1 24 0 0 48 0 0
1692 552 1 1 120 0 0 72 0 0
1694 48 0 0 24 0 0 0 0 0
2091 48 1 1 24 0 0 0 0 0
2093 48 1 1 24 0 0 0 0 0
2095 48 0 0 24 0 0 0 0 0
2098 290 1 1 145 0 0 29 0 0
2099 87 0 0 29 0 0 0 0 0
2101 29 0 0 29 0 0 0 0 0
2102 232 0 0 203 0 0 0 0 0
fl=/build/buildd/eglibc-2.19/stdlib/../include/rounding-mode.h
fn=round_and_return
46 215 1 1 0 0 0 0 0 0
52 129 0 0 0 0 0 0 0 0
fl=/build/buildd/eglibc-2.19/stdlib/../sysdeps/generic/get-rounding-mode.h
fn=round_and_return
93 43 0 0 0 0 0 43 0 0
94 301 0 0 43 0 0 0 0 0
103 43 1 1 0 0 0 0 0 0
fl=/build/buildd/eglibc-2.19/stdlib/../sysdeps/ieee754/dbl-64/dbl2mpn.c
fn=__mpn_extract_double
35 38 1 1 19 0 0 19 0 0
37 57 1 1 0 0 0 19 0 0
38 95 0 0 0 0 0 19 0 0
47 57 0 0 0 0 0 19 0 0
56 57 0 0 0 0 0 0 0 0
103 57 1 1 0 0 0 19 0 0
107 38 0 0 19 0 0 0 0 0
fl=/build/buildd/eglibc-2.19/stdlib/../sysdeps/ieee754/dbl-64/mpn2dbl.c
fn=__mpn_construct_double
33 172 0 0 0 0 0 0 0 0
39 129 1 1 43 0 0 0 0 0
40 172 0 0 0 0 0 0 0 0
46 86 0 0 43 0 0 43 0 0
47 43 0 0 43 0 0 0 0 0
fl=/build/buildd/eglibc-2.19/stdlib/../sysdeps/x86_64/lshift.S
fn=__mpn_lshift
29 62 1 1 0 0 0 0 0 0
30 62 0 0 0 0 0 0 0 0
32 62 0 0 0 0 0 0 0 0
33 62 0 0 0 0 0 0 0 0
34 62 0 0 0 0 0 0 0 0
46 62 0 0 0 0 0 0 0 0
47 62 0 0 0 0 0 0 0 0
48 62 0 0 62 0 0 0 0 0
49 62 0 0 0 0 0 0 0 0
50 62 0 0 0 0 0 0 0 0
51 62 1 1 0 0 0 0 0 0
52 62 0 0 0 0 0 0 0 0
58 62 0 0 0 0 0 0 0 0
59 62 0 0 0 0 0 62 1 0
60 62 0 0 62 0 0 0 0 0
fl=/build/buildd/eglibc-2.19/stdlib/../sysdeps/x86_64/mul_1.S
fn=__mpn_mul_1
32 32 1 1 0 0 0 32 0 0
35 32 0 0 0 0 0 0 0 0
36 32 0 0 32 0 0 0 0 0
37 32 0 0 0 0 0 0 0 0
38 32 0 0 0 0 0 0 0 0
39 32 0 0 0 0 0 0 0 0
41 32 0 0 0 0 0 0 0 0
42 32 0 0 0 0 0 0 0 0
44 32 0 0 0 0 0 0 0 0
45 32 0 0 0 0 0 0 0 0
46 32 0 0 0 0 0 0 0 0
47 32 0 0 0 0 0 0 0 0
48 26 0 0 0 0 0 0 0 0
50 26 0 0 0 0 0 0 0 0
51 26 0 0 0 0 0 0 0 0
52 26 0 0 0 0 0 26 0 0
53 26 0 0 0 0 0 0 0 0
79 6 1 1 0 0 0 0 0 0
80 6 1 1 0 0 0 0 0 0
81 6 0 0 0 0 0 0 0 0
82 6 0 0 0 0 0 0 0 0
83 6 0 0 0 0 0 0 0 0
84 6 0 0 0 0 0 0 0 0
85 6 0 0 6 0 0 0 0 0
86 6 0 0 0 0 0 0 0 0
87 6 0 0 0 0 0 0 0 0
113 6 1 1 0 0 0 0 0 0
114 6 0 0 0 0 0 0 0 0
115 6 0 0 0 0 0 0 0 0
117 6 0 0 0 0 0 6 0 0
118 6 0 0 0 0 0 0 0 0
119 6 0 0 0 0 0 0 0 0
120 6 0 0 0 0 0 6 0 0
121 6 0 0 0 0 0 0 0 0
122 32 1 1 0 0 0 0 0 0
124 32 0 0 32 0 0 0 0 0
127 32 0 0 32 0 0 0 0 0
fl=/build/buildd/eglibc-2.19/stdlib/../sysdeps/x86_64/rshift.S
fn=__mpn_rshift
29 34 1 1 0 0 0 0 0 0
30 34 0 0 0 0 0 0 0 0
31 34 0 0 0 0 0 0 0 0
44 34 0 0 0 0 0 0 0 0
45 34 0 0 0 0 0 0 0 0
61 34 1 1 0 0 0 0 0 0
62 34 0 0 34 0 0 0 0 0
63 34 0 0 34 0 0 0 0 0
64 34 0 0 0 0 0 0 0 0
65 34 0 0 0 0 0 0 0 0
66 34 0 0 0 0 0 0 0 0
67 34 0 0 0 0 0 0 0 0
72 34 1 1 0 0 0 0 0 0
73 34 0 0 0 0 0 34 0 0
74 34 0 0 0 0 0 0 0 0
75 34 0 0 0 0 0 34 0 0
76 34 0 0 34 0 0 0 0 0
fl=/build/buildd/eglibc-2.19/stdlib/cmp.c
fn=__mpn_cmp
42 58 1 1 0 0 0 0 0 0
44 27 0 0 27 0 0 0 0 0
45 27 1 1 27 0 0 0 0 0
46 54 0 0 0 0 0 0 0 0
49 1 0 0 0 0 0 0 0 0
54 125 0 0 25 0 0 0 0 0
55 1 0 0 1 0 0 0 0 0
fl=/build/buildd/eglibc-2.19/stdlib/cxa_atexit.c
fn=__cxa_atexit
35 2 0 0 0 0 0 1 0 0
37 2 0 0 0 0 0 0 0 0
41 3 0 0 1 0 0 0 0 0
43 1 0 0 0 0 0 1 0 0
44 1 0 0 0 0 0 1 0 0
45 1 0 0 0 0 0 1 0 0
47 1 1 1 0 0 0 1 0 0
48 1 0 0 0 0 0 0 0 0
57 6 1 1 0 0 0 3 0 0
59 4 0 0 4 0 0 0 0 0
fn=__new_exitfn
73 4 1 1 0 0 0 2 0 0
74 2 0 0 0 0 0 0 0 0
79 6 0 0 2 2 2 0 0 0
81 8 2 2 2 1 0 0 0 0
83 3 0 0 1 1 0 0 0 0
91 1 0 0 0 0 0 1 0 0
112 1 1 1 0 0 0 0 0 0
113 2 0 0 0 0 0 1 0 0
126 1 1 1 0 0 0 1 0 0
127 1 0 0 1 1 1 0 0 0
130 4 0 0 2 0 0 0 0 0
133 5 0 0 3 0 0 0 0 0
fl=/build/buildd/eglibc-2.19/stdlib/cxa_finalize.c
fn=__cxa_finalize
31 8 1 1 0 0 0 6 0 0
35 7 1 1 2 0 0 0 0 0
39 6 1 1 1 0 0 0 0 0
48 1 0 0 0 0 0 0 0 0
67 7 1 1 2 0 0 0 0 0
71 6 0 0 1 1 0 0 0 0
79 2 0 0 0 0 0 0 0 0
80 2 0 0 0 0 0 0 0 0
82 7 1 1 6 0 0 0 0 0
fl=/build/buildd/eglibc-2.19/stdlib/cxa_thread_atexit_impl.c
fn=__call_tls_dtors
82 3 1 1 0 0 0 3 0 0
83 5 0 0 1 0 0 1 0 0
101 4 1 1 4 0 0 0 0 0
fl=/build/buildd/eglibc-2.19/stdlib/divrem.c
fn=__mpn_divrem
56 1036 1 1 0 0 0 740 3 0
57 74 0 0 0 0 0 0 0 0
59 148 0 0 0 0 0 0 0 0
72 74 1 1 74 0 0 0 0 0
73 74 0 0 74 0 0 0 0 0
75 148 1 1 0 0 0 0 0 0
77 4 1 1 0 0 0 0 0 0
78 8 0 0 0 0 0 0 0 0
81 296 0 0 148 0 0 0 0 0
82 308 0 0 0 0 0 0 0 0
83 96 0 0 32 0 0 32 0 0
84 74 1 1 0 0 0 0 0 0
86 222 0 0 74 0 0 0 0 0
89 74 0 0 0 0 0 74 0 0
91 74 0 0 0 0 0 0 0 0
244 592 0 0 518 0 0 0 0 0
fl=/build/buildd/eglibc-2.19/stdlib/exit.c
fn=__run_exit_handlers
35 8 1 1 0 0 0 4 0 0
40 2 0 0 1 1 0 1 0 0
46 8 0 0 2 1 0 0 0 0
50 6 0 0 0 0 0 0 0 0
52 1 0 0 0 0 0 1 0 0
53 1 0 0 0 0 0 0 0 0
54 5 1 1 1 0 0 0 0 0
78 1 1 1 1 0 0 0 0 0
80 2 0 0 1 0 0 0 0 0
82 3 0 0 1 0 0 1 0 0
83 1 0 0 0 0 0 0 0 0
87 2 0 0 1 0 0 1 0 0
88 2 0 0 0 0 0 0 0 0
94 2 0 0 0 0 0 0 0 0
95 8 1 1 1 1 0 1 0 0
97 2 0 0 0 0 0 1 0 0
fn=exit
103 1 0 0 0 0 0 0 0 0
104 3 1 1 0 0 0 1 0 0
fl=/build/buildd/eglibc-2.19/stdlib/mul.c
fn=__mpn_mul
57 78 2 2 0 0 0 48 0 0
63 12 0 0 0 0 0 0 0 0
75 12 0 0 0 0 0 0 0 0
76 6 0 0 0 0 0 0 0 0
80 6 0 0 6 0 0 0 0 0
81 12 0 0 0 0 0 0 0 0
90 18 1 1 12 0 0 6 0 0
92 18 0 0 6 0 0 6 0 0
93 6 0 0 0 0 0 0 0 0
97 12 0 0 0 0 0 0 0 0
151 48 1 1 42 0 0 0 0 0
fl=/build/buildd/eglibc-2.19/stdlib/strtod.c
fn=strtod
69 172 1 1 86 1 0 0 0 0
fl=/build/buildd/eglibc-2.19/stdlib/strtod_l.c
fn=____strtod_l_internal
494 430 1 1 0 0 0 301 1 0
500 43 0 0 0 0 0 0 0 0
548 43 0 0 43 1 0 0 0 0
550 86 0 0 0 0 0 0 0 0
567 43 1 1 0 0 0 43 0 0
568 43 0 0 0 0 0 0 0 0
582 129 0 0 43 1 0 86 0 0
583 129 0 0 0 0 0 86 1 0
584 215 0 0 129 1 0 0 0 0
599 86 1 1 0 0 0 43 1 0
600 39 0 0 0 0 0 39 0 0
601 43 0 0 0 0 0 0 0 0
605 43 0 0 0 0 0 0 0 0
608 129 0 0 43 0 0 0 0 0
609 129 0 0 43 1 1 0 0 0
612 86 0 0 0 0 0 0 0 0
614 94 2 1 0 0 0 4 0 0
615 8 0 0 4 0 0 0 0 0
617 78 0 0 0 0 0 0 0 0
630 129 1 1 43 0 0 0 0 0
631 86 0 0 0 0 0 0 0 0
639 129 1 1 0 0 0 0 0 0
706 129 1 1 43 0 0 0 0 0
725 301 0 0 43 0 0 43 0 0
749 86 0 0 43 1 1 0 0 0
750 129 1 1 0 0 0 0 0 0
782 86 1 1 0 0 0 0 0 0
792 285 0 0 0 0 0 0 0 0
793 86 0 0 0 0 0 0 0 0
796 52 1 1 0 0 0 0 0 0
805 86 2 1 43 0 0 0 0 0
818 156 0 0 52 0 0 0 0 0
819 52 0 0 0 0 0 0 0 0
821 86 0 0 0 0 0 0 0 0
863 172 0 0 0 0 0 0 0 0
872 86 0 0 0 0 0 0 0 0
873 86 0 0 43 0 0 0 0 0
891 86 2 1 0 0 0 0 0 0
897 86 0 0 86 1 1 0 0 0
898 172 5 1 0 0 0 43 0 0
899 129 2 2 0 0 0 0 0 0
1030 86 0 0 0 0 0 0 0 0
1040 258 3 3 43 0 0 0 0 0
1059 129 0 0 43 0 0 0 0 0
1060 43 0 0 0 0 0 43 0 0
1062 86 0 0 0 0 0 0 0 0
1065 86 0 0 0 0 0 0 0 0
1098 86 1 1 0 0 0 0 0 0
1190 43 0 0 43 0 0 0 0 0
1192 258 0 0 0 0 0 0 0 0
1193 43 0 0 0 0 0 0 0 0
1194 86 0 0 0 0 0 43 0 0
1197 172 1 1 0 0 0 0 0 0
1200 86 0 0 0 0 0 0 0 0
1203 86 0 0 0 0 0 0 0 0
1206 516 2 2 86 0 0 129 0 0
1212 172 0 0 86 0 0 0 0 0
1256 129 1 1 43 0 0 0 0 0
1257 172 1 1 0 0 0 0 0 0
1261 86 0 0 0 0 0 0 0 0
1267 86 0 0 0 0 0 0 0 0
1299 86 0 0 0 0 0 0 0 0
1302 344 0 0 0 0 0 0 0 0
1304 86 0 0 0 0 0 0 0 0
1312 86 1 1 0 0 0 0 0 0
1314 516 3 2 43 0 0 43 0 0
1318 129 0 0 43 0 0 0 0 0
1333 344 1 1 43 0 0 43 0 0
1778 344 0 0 301 0 0 0 0 0
fn=round_and_return
212 473 2 1 0 0 0 258 0 0
215 86 2 1 0 0 0 0 0 0
304 86 1 1 0 0 0 0 0 0
307 43 0 0 0 0 0 0 0 0
311 387 0 0 0 0 0 0 0 0
326 86 1 1 0 0 0 0 0 0
338 172 0 0 0 0 0 43 0 0
339 774 3 3 344 0 0 0 0 0
fn=str_to_mpn.isra.0
348 473 2 2 43 0 0 301 1 0
361 43 0 0 0 0 0 43 1 0
362 344 0 0 0 0 0 0 0 0
365 18 0 0 0 0 0 0 0 0
384 18 0 0 0 0 0 0 0 0
396 260 0 0 52 0 0 0 0 0
409 156 1 1 0 0 0 0 0 0
410 52 0 0 0 0 0 0 0 0
412 104 0 0 0 0 0 0 0 0
414 172 2 1 86 0 0 0 0 0
421 129 1 1 43 1 1 0 0 0
423 129 0 0 43 0 0 0 0 0
425 43 0 0 0 0 0 43 0 0
426 43 0 0 0 0 0 43 0 0
441 387 0 0 301 0 0 0 0 0
fl=/build/buildd/eglibc-2.19/string/../bits/stdlib-bsearch.h
fn=intel_check_word
27 8 1 1 0 0 0 0 0 0
28 16 0 0 0 0 0 0 0 0
29 110 0 0 0 0 0 0 0 0
31 154 0 0 0 0 0 0 0 0
32 54 0 0 0 0 0 0 0 0
37 8 1 1 0 0 0 0 0 0
fl=/build/buildd/eglibc-2.19/string/../string/memcmp.c
fn=bcmp
105 10 1 1 10 0 0 0 0 0
106 20 0 0 10 0 0 0 0 0
110 22 0 0 0 0 0 0 0 0
111 6 1 1 0 0 0 0 0 0
129 14 1 1 0 0 0 0 0 0
133 2 1 1 2 1 1 0 0 0
134 2 0 0 2 0 0 0 0 0
135 2 0 0 0 0 0 0 0 0
136 2 0 0 0 0 0 0 0 0
137 2 0 0 0 0 0 0 0 0
183 2 0 0 2 0 0 0 0 0
184 2 0 0 2 0 0 0 0 0
185 16 0 0 0 0 0 4 1 1
221 2 0 0 0 0 0 0 0 0
222 4 0 0 0 0 0 0 0 0
226 4 0 0 0 0 0 0 0 0
228 14 1 1 0 0 0 0 0 0
232 2 0 0 2 0 0 0 0 0
233 2 0 0 2 0 0 0 0 0
234 2 0 0 2 0 0 0 0 0
235 2 0 0 0 0 0 0 0 0
236 2 0 0 0 0 0 0 0 0
237 2 0 0 0 0 0 0 0 0
289 2 0 0 2 0 0 0 0 0
290 2 0 0 2 1 1 0 0 0
291 12 1 1 0 0 0 0 0 0
292 4 0 0 0 0 0 0 0 0
299 4 1 1 0 0 0 0 0 0
304 12 1 1 0 0 0 0 0 0
305 4 0 0 0 0 0 0 0 0
315 84 1 1 0 0 0 72 1 1
318 12 0 0 0 0 0 0 0 0
319 12 0 0 0 0 0 0 0 0
322 24 0 0 0 0 0 0 0 0
326 18 0 0 0 0 0 0 0 0
328 2 0 0 2 1 1 0 0 0
329 2 0 0 2 0 0 0 0 0
330 2 0 0 0 0 0 0 0 0
331 2 0 0 0 0 0 0 0 0
333 4 0 0 0 0 0 0 0 0
335 2 0 0 0 0 0 0 0 0
342 12 1 1 0 0 0 0 0 0
343 8 0 0 0 0 0 0 0 0
346 4 0 0 0 0 0 0 0 0
350 6 0 0 0 0 0 0 0 0
351 2 0 0 0 0 0 0 0 0
352 2 0 0 0 0 0 0 0 0
356 144 2 2 0 0 0 0 0 0
358 63 0 0 63 1 1 0 0 0
359 63 0 0 63 5 5 0 0 0
360 63 0 0 0 0 0 0 0 0
363 204 0 0 0 0 0 0 0 0
368 9 0 0 0 0 0 0 0 0
369 96 0 0 84 0 0 0 0 0
fl=/build/buildd/eglibc-2.19/string/../sysdeps/x86_64/memcpy.S
fn=__GI_mempcpy
61 52 1 1 0 0 0 0 0 0
65 52 0 0 0 0 0 0 0 0
68 52 0 0 0 0 0 0 0 0
69 52 0 0 0 0 0 0 0 0
71 52 0 0 52 0 0 0 0 0
72 52 0 0 0 0 0 52 1 1
74 52 0 0 0 0 0 0 0 0
75 52 0 0 0 0 0 0 0 0
80 52 0 0 0 0 0 0 0 0
81 52 0 0 0 0 0 0 0 0
92 52 0 0 0 0 0 0 0 0
93 52 0 0 0 0 0 0 0 0
104 52 1 1 0 0 0 0 0 0
105 52 0 0 0 0 0 0 0 0
116 52 0 0 0 0 0 0 0 0
117 52 0 0 0 0 0 0 0 0
138 52 1 1 0 0 0 0 0 0
142 52 0 0 52 0 0 0 0 0
fn=mempcpy
61 15 1 1 0 0 0 0 0 0
65 15 0 0 0 0 0 0 0 0
68 14 0 0 0 0 0 0 0 0
69 14 0 0 0 0 0 0 0 0
71 5 0 0 5 1 1 0 0 0
72 5 0 0 0 0 0 5 1 1
74 5 0 0 0 0 0 0 0 0
75 5 0 0 0 0 0 0 0 0
80 14 0 0 0 0 0 0 0 0
81 14 0 0 0 0 0 0 0 0
83 10 0 0 10 0 0 0 0 0
84 10 0 0 0 0 0 10 0 0
86 10 0 0 0 0 0 0 0 0
87 10 0 0 0 0 0 0 0 0
92 14 0 0 0 0 0 0 0 0
93 14 0 0 0 0 0 0 0 0
95 5 0 0 5 0 0 0 0 0
96 5 0 0 0 0 0 5 0 0
98 5 0 0 0 0 0 0 0 0
99 5 0 0 0 0 0 0 0 0
104 14 0 0 0 0 0 0 0 0
105 14 0 0 0 0 0 0 0 0
107 7 0 0 7 0 0 0 0 0
108 7 0 0 0 0 0 7 1 1
110 7 0 0 0 0 0 0 0 0
111 14 0 0 0 0 0 0 0 0
116 14 1 1 0 0 0 0 0 0
117 16 0 0 0 0 0 0 0 0
122 2 0 0 2 1 0 0 0 0
123 2 0 0 2 0 0 0 0 0
124 2 0 0 0 0 0 2 1 1
125 2 0 0 0 0 0 2 0 0
127 2 0 0 0 0 0 0 0 0
129 2 0 0 0 0 0 0 0 0
130 2 0 0 0 0 0 0 0 0
132 2 0 0 0 0 0 0 0 0
138 14 0 0 0 0 0 0 0 0
142 14 0 0 14 0 0 0 0 0
154 2 1 1 0 0 0 0 0 0
156 2 0 0 0 0 0 0 0 0
157 2 0 0 0 0 0 0 0 0
183 2 0 0 0 0 0 0 0 0
184 2 0 0 0 0 0 0 0 0
187 2 0 0 0 0 0 0 0 0
188 2 0 0 0 0 0 0 0 0
189 2 0 0 0 0 0 0 0 0
194 2 1 1 0 0 0 0 0 0
196 2 0 0 2 0 0 0 0 0
197 2 0 0 2 0 0 0 0 0
198 2 0 0 2 0 0 0 0 0
199 2 0 0 2 0 0 0 0 0
201 2 0 0 0 0 0 2 0 0
202 2 0 0 0 0 0 2 1 1
203 2 0 0 0 0 0 2 0 0
204 2 0 0 0 0 0 2 1 1
206 2 0 0 0 0 0 0 0 0
207 2 0 0 0 0 0 0 0 0
209 2 0 0 0 0 0 0 0 0
231 2 1 1 0 0 0 0 0 0
233 2 0 0 0 0 0 0 0 0
235 1 0 0 0 0 0 0 0 0
242 1 0 0 1 0 0 0 0 0
fl=/build/buildd/eglibc-2.19/string/../sysdeps/x86_64/multiarch/../cacheinfo.c
fn=handle_intel
305 16 0 0 0 0 0 12 0 0
306 4 1 1 0 0 0 0 0 0
317 6 0 0 0 0 0 2 0 0
319 2 1 1 0 0 0 2 0 0
320 4 0 0 0 0 0 2 0 0
322 2 0 0 0 0 0 0 0 0
328 8 1 1 0 0 0 2 0 0
333 4 0 0 0 0 0 0 0 0
335 6 0 0 0 0 0 2 0 0
336 2 0 0 0 0 0 0 0 0
340 10 0 0 0 0 0 2 0 0
341 4 0 0 0 0 0 0 0 0
344 10 1 1 0 0 0 2 0 0
345 4 0 0 0 0 0 0 0 0
362 16 1 1 14 0 0 0 0 0
fn=init_cacheinfo
550 3 1 1 0 0 0 3 0 0
563 3 0 0 1 0 0 0 0 0
570 2 0 0 0 0 0 0 0 0
572 4 0 0 1 0 0 1 0 0
575 1 0 0 0 0 0 0 0 0
576 4 1 1 1 0 0 1 0 0
578 2 0 0 0 0 0 0 0 0
589 1 0 0 1 0 0 0 0 0
607 4 0 0 1 0 0 0 0 0
614 17 1 1 0 0 0 0 0 0
620 8 0 0 0 0 0 0 0 0
623 20 0 0 0 0 0 0 0 0
625 2 1 1 0 0 0 0 0 0
631 5 0 0 0 0 0 0 0 0
638 9 1 1 0 0 0 0 0 0
640 2 0 0 0 0 0 0 0 0
642 8 0 0 0 0 0 0 0 0
644 4 0 0 0 0 0 0 0 0
649 1 1 1 0 0 0 0 0 0
651 4 0 0 0 0 0 0 0 0
652 2 0 0 0 0 0 0 0 0
653 1 0 0 0 0 0 0 0 0
657 2 0 0 0 0 0 0 0 0
669 4 0 0 0 0 0 0 0 0
670 5 1 1 0 0 0 0 0 0
744 2 0 0 0 0 0 0 0 0
746 3 1 1 0 0 0 1 0 0
747 1 0 0 0 0 0 1 1 1
749 1 0 0 0 0 0 0 0 0
750 3 0 0 0 0 0 1 0 0
751 1 0 0 0 0 0 1 0 0
754 2 0 0 0 0 0 0 0 0
756 3 0 0 0 0 0 1 0 0
757 1 0 0 0 0 0 1 1 1
759 1 0 0 0 0 0 0 0 0
760 3 0 0 0 0 0 1 0 0
761 1 0 0 0 0 0 1 0 0
763 4 0 0 4 0 0 0 0 0
fn=intel_check_word
150 108 0 0 54 6 6 0 0 0
153 54 1 1 0 0 0 0 0 0
161 16 0 0 0 0 0 12 0 0
162 8 1 1 0 0 0 0 0 0
164 2 0 0 0 0 0 0 0 0
168 28 0 0 0 0 0 0 0 0
170 32 1 1 0 0 0 0 0 0
172 10 0 0 0 0 0 0 0 0
174 20 0 0 0 0 0 0 0 0
182 20 0 0 0 0 0 0 0 0
194 39 2 2 0 0 0 0 0 0
199 16 0 0 0 0 0 0 0 0
203 10 1 1 0 0 0 0 0 0
205 5 0 0 0 0 0 0 0 0
210 8 0 0 0 0 0 0 0 0
213 2 1 1 0 0 0 0 0 0
215 4 1 1 0 0 0 0 0 0
217 10 2 2 0 0 0 0 0 0
218 8 0 0 0 0 0 0 0 0
219 8 0 0 0 0 0 0 0 0
220 2 0 0 0 0 0 0 0 0
228 3 0 0 0 0 0 0 0 0
235 16 0 0 0 0 0 0 0 0
295 8 0 0 0 0 0 0 0 0
300 16 0 0 16 0 0 0 0 0
fl=/build/buildd/eglibc-2.19/string/../sysdeps/x86_64/multiarch/../memcpy.S
fn=__GI_memcpy
61 37 3 1 0 0 0 0 0 0
63 37 0 0 0 0 0 0 0 0
65 37 0 0 0 0 0 0 0 0
68 37 0 0 0 0 0 0 0 0
69 37 0 0 0 0 0 0 0 0
80 37 0 0 0 0 0 0 0 0
81 37 0 0 0 0 0 0 0 0
92 37 0 0 0 0 0 0 0 0
93 37 0 0 0 0 0 0 0 0
104 37 1 1 0 0 0 0 0 0
105 37 0 0 0 0 0 0 0 0
116 37 0 0 0 0 0 0 0 0
117 74 0 0 0 0 0 0 0 0
122 37 0 0 37 1 1 0 0 0
123 37 0 0 37 0 0 0 0 0
124 37 0 0 0 0 0 37 1 0
125 37 0 0 0 0 0 37 0 0
127 37 0 0 0 0 0 0 0 0
129 37 0 0 0 0 0 0 0 0
130 37 0 0 0 0 0 0 0 0
132 37 0 0 0 0 0 0 0 0
140 37 0 0 37 0 0 0 0 0
fn=memcpy
61 15 1 1 0 0 0 0 0 0
63 15 0 0 0 0 0 0 0 0
65 15 0 0 0 0 0 0 0 0
68 14 0 0 0 0 0 0 0 0
69 14 0 0 0 0 0 0 0 0
71 3 1 1 3 0 0 0 0 0
72 3 0 0 0 0 0 3 2 2
74 3 0 0 0 0 0 0 0 0
75 3 0 0 0 0 0 0 0 0
80 14 0 0 0 0 0 0 0 0
81 14 0 0 0 0 0 0 0 0
83 3 0 0 3 0 0 0 0 0
84 3 0 0 0 0 0 3 1 1
86 3 0 0 0 0 0 0 0 0
87 6 0 0 0 0 0 0 0 0
92 14 0 0 0 0 0 0 0 0
93 14 0 0 0 0 0 0 0 0
95 3 0 0 3 0 0 0 0 0
96 3 0 0 0 0 0 3 0 0
98 3 0 0 0 0 0 0 0 0
99 3 0 0 0 0 0 0 0 0
104 14 0 0 0 0 0 0 0 0
105 14 0 0 0 0 0 0 0 0
107 8 0 0 8 0 0 0 0 0
108 8 0 0 0 0 0 8 1 1
110 8 0 0 0 0 0 0 0 0
111 8 0 0 0 0 0 0 0 0
116 14 1 1 0 0 0 0 0 0
117 20 0 0 0 0 0 0 0 0
122 6 0 0 6 0 0 0 0 0
123 6 0 0 6 0 0 0 0 0
124 6 0 0 0 0 0 6 0 0
125 6 0 0 0 0 0 6 2 2
127 6 0 0 0 0 0 0 0 0
129 6 0 0 0 0 0 0 0 0
130 6 0 0 0 0 0 0 0 0
132 6 0 0 0 0 0 0 0 0
140 14 0 0 14 0 0 0 0 0
148 5 0 0 0 0 0 5 0 0
154 5 0 0 0 0 0 0 0 0
156 5 0 0 0 0 0 0 0 0
157 5 0 0 0 0 0 0 0 0
160 1 0 0 0 0 0 0 0 0
161 2 0 0 0 0 0 0 0 0
166 4 0 0 4 0 0 0 0 0
167 4 0 0 0 0 0 4 0 0
169 4 0 0 0 0 0 0 0 0
171 4 0 0 0 0 0 0 0 0
172 4 0 0 0 0 0 0 0 0
174 5 0 0 0 0 0 0 0 0
183 5 1 1 0 0 0 0 0 0
184 5 0 0 0 0 0 0 0 0
187 5 0 0 0 0 0 0 0 0
188 5 0 0 0 0 0 0 0 0
189 5 0 0 0 0 0 0 0 0
194 4 1 1 0 0 0 0 0 0
196 4 0 0 4 0 0 0 0 0
197 4 0 0 4 0 0 0 0 0
198 4 0 0 4 0 0 0 0 0
199 4 0 0 4 0 0 0 0 0
201 4 0 0 0 0 0 4 1 1
202 4 0 0 0 0 0 4 0 0
203 4 0 0 0 0 0 4 0 0
204 4 0 0 0 0 0 4 0 0
206 4 0 0 0 0 0 0 0 0
207 4 0 0 0 0 0 0 0 0
209 4 0 0 0 0 0 0 0 0
231 5 1 1 0 0 0 0 0 0
237 5 0 0 5 0 0 0 0 0
238 5 0 0 0 0 0 0 0 0
240 1 0 0 1 0 0 0 0 0
fl=/build/buildd/eglibc-2.19/string/../sysdeps/x86_64/multiarch/../rtld-strlen.S
fn=strlen
26 13 1 1 0 0 0 0 0 0
27 13 0 0 0 0 0 0 0 0
28 13 0 0 0 0 0 0 0 0
29 13 0 0 0 0 0 0 0 0
31 6 0 0 0 0 0 0 0 0
32 6 0 0 0 0 0 0 0 0
34 22 0 0 22 1 1 0 0 0
35 22 0 0 0 0 0 0 0 0
36 21 0 0 0 0 0 0 0 0
37 21 0 0 0 0 0 0 0 0
38 21 0 0 0 0 0 0 0 0
40 24 1 1 0 0 0 0 0 0
45 16 0 0 16 1 1 0 0 0
46 16 0 0 0 0 0 0 0 0
47 16 0 0 0 0 0 0 0 0
48 16 0 0 0 0 0 0 0 0
51 16 0 0 0 0 0 0 0 0
52 13 0 0 0 0 0 0 0 0
53 13 0 0 0 0 0 0 0 0
54 13 0 0 0 0 0 0 0 0
56 13 0 0 0 0 0 0 0 0
59 13 0 0 13 0 0 0 0 0
60 13 0 0 0 0 0 0 0 0
61 13 0 0 0 0 0 0 0 0
62 13 0 0 0 0 0 0 0 0
65 13 0 0 0 0 0 0 0 0
66 7 0 0 0 0 0 0 0 0
67 7 0 0 0 0 0 0 0 0
68 7 1 1 0 0 0 0 0 0
70 7 0 0 0 0 0 0 0 0
73 6 0 0 6 0 0 0 0 0
74 6 0 0 0 0 0 0 0 0
75 6 0 0 0 0 0 0 0 0
76 6 0 0 0 0 0 0 0 0
79 6 0 0 0 0 0 0 0 0
80 6 0 0 0 0 0 0 0 0
81 6 0 0 0 0 0 0 0 0
82 6 0 0 0 0 0 0 0 0
84 6 0 0 0 0 0 0 0 0
87 6 0 0 6 0 0 0 0 0
88 6 0 0 0 0 0 0 0 0
89 6 0 0 0 0 0 0 0 0
90 6 0 0 0 0 0 0 0 0
93 6 0 0 0 0 0 0 0 0
94 5 0 0 0 0 0 0 0 0
95 5 0 0 0 0 0 0 0 0
96 5 0 0 0 0 0 0 0 0
98 6 0 0 0 0 0 0 0 0
101 12 1 1 0 0 0 0 0 0
103 12 0 0 0 0 0 0 0 0
104 12 0 0 0 0 0 0 0 0
105 12 0 0 0 0 0 0 0 0
107 12 0 0 0 0 0 0 0 0
108 12 0 0 0 0 0 0 0 0
109 12 0 0 0 0 0 0 0 0
111 12 0 0 0 0 0 0 0 0
112 12 0 0 0 0 0 0 0 0
113 10 0 0 0 0 0 0 0 0
115 10 0 0 0 0 0 0 0 0
116 10 0 0 0 0 0 0 0 0
117 9 0 0 0 0 0 0 0 0
119 9 0 0 0 0 0 0 0 0
121 9 0 0 0 0 0 0 0 0
122 9 0 0 0 0 0 0 0 0
123 8 0 0 0 0 0 0 0 0
125 8 0 0 0 0 0 0 0 0
126 8 0 0 0 0 0 0 0 0
127 7 0 0 0 0 0 0 0 0
129 7 0 0 0 0 0 0 0 0
130 7 0 0 0 0 0 0 0 0
131 5 0 0 0 0 0 0 0 0
133 13 1 1 0 0 0 0 0 0
134 13 0 0 13 0 0 0 0 0
fl=/build/buildd/eglibc-2.19/string/../sysdeps/x86_64/multiarch/../strchr.S
fn=index
24 7 1 1 0 0 0 0 0 0
25 7 0 0 0 0 0 0 0 0
26 7 0 0 0 0 0 0 0 0
27 7 0 0 0 0 0 0 0 0
28 7 0 0 0 0 0 0 0 0
29 7 0 0 0 0 0 0 0 0
30 7 0 0 0 0 0 0 0 0
31 7 0 0 0 0 0 0 0 0
32 7 0 0 7 2 2 0 0 0
33 7 0 0 0 0 0 0 0 0
34 7 0 0 0 0 0 0 0 0
35 7 1 1 0 0 0 0 0 0
36 7 0 0 0 0 0 0 0 0
37 7 0 0 0 0 0 0 0 0
38 7 0 0 0 0 0 0 0 0
39 7 0 0 0 0 0 0 0 0
40 7 0 0 0 0 0 0 0 0
41 5 0 0 0 0 0 0 0 0
45 5 0 0 0 0 0 0 0 0
46 5 0 0 0 0 0 0 0 0
47 5 0 0 5 0 0 0 0 0
48 5 0 0 0 0 0 0 0 0
50 5 0 0 5 0 0 0 0 0
54 2 0 0 2 0 0 0 0 0
55 2 0 0 0 0 0 0 0 0
56 2 0 0 0 0 0 0 0 0
57 2 0 0 0 0 0 0 0 0
58 2 0 0 0 0 0 0 0 0
59 2 1 1 0 0 0 0 0 0
60 2 0 0 2 0 0 0 0 0
61 2 0 0 0 0 0 0 0 0
62 2 0 0 0 0 0 0 0 0
63 2 0 0 0 0 0 0 0 0
64 2 0 0 0 0 0 0 0 0
65 2 0 0 0 0 0 0 0 0
66 2 0 0 0 0 0 0 0 0
67 2 0 0 2 1 1 0 0 0
68 2 0 0 0 0 0 0 0 0
69 2 0 0 0 0 0 0 0 0
70 2 0 0 0 0 0 0 0 0
71 2 0 0 0 0 0 0 0 0
72 2 0 0 0 0 0 0 0 0
73 2 0 0 0 0 0 0 0 0
74 2 0 0 0 0 0 0 0 0
75 2 1 1 0 0 0 0 0 0
76 2 0 0 0 0 0 0 0 0
77 2 0 0 0 0 0 0 0 0
129 2 1 1 0 0 0 0 0 0
133 2 0 0 0 0 0 0 0 0
134 2 0 0 0 0 0 0 0 0
135 2 0 0 2 0 0 0 0 0
136 2 1 1 0 0 0 0 0 0
138 2 0 0 2 0 0 0 0 0
fl=/build/buildd/eglibc-2.19/string/../sysdeps/x86_64/multiarch/../strcmp.S
fn=strcmp
131 1559 1 1 1559 27 12 0 0 0
132 1559 0 0 1559 10 2 0 0 0
133 1559 0 0 0 0 0 0 0 0
134 1459 0 0 0 0 0 0 0 0
135 1459 0 0 0 0 0 0 0 0
136 1459 0 0 0 0 0 0 0 0
137 1459 0 0 0 0 0 0 0 0
139 122 0 0 0 0 0 0 0 0
140 122 0 0 122 0 0 0 0 0
142 100 0 0 0 0 0 0 0 0
143 100 0 0 0 0 0 0 0 0
144 100 0 0 0 0 0 0 0 0
145 100 0 0 100 0 0 0 0 0
fl=/build/buildd/eglibc-2.19/string/../sysdeps/x86_64/multiarch/memmove.c
fn=memcpy@GLIBC_2.2.5
49 1 1 1 0 0 0 0 0 0
fl=/build/buildd/eglibc-2.19/string/../sysdeps/x86_64/multiarch/strcmp.S
fn=strcasecmp
114 1 1 1 1 1 1 0 0 0
115 1 0 0 0 0 0 0 0 0
116 1 0 0 0 0 0 1 0 0
119 1 0 0 0 0 0 0 0 0
120 1 0 0 1 0 0 0 0 0
121 1 1 1 0 0 0 0 0 0
132 1 0 0 1 0 0 0 0 0
fn=strncasecmp
140 1 1 1 1 0 0 0 0 0
141 1 0 0 0 0 0 0 0 0
145 1 0 0 0 0 0 0 0 0
146 1 0 0 1 0 0 0 0 0
147 1 0 0 0 0 0 0 0 0
158 1 1 1 1 0 0 0 0 0
fl=/build/buildd/eglibc-2.19/string/../sysdeps/x86_64/rtld-memset.S
fn=memset
30 13 2 1 0 0 0 0 0 0
31 13 0 0 0 0 0 0 0 0
32 13 0 0 0 0 0 0 0 0
33 2161 0 0 0 0 0 2148 34 34
34 13 0 0 0 0 0 0 0 0
35 13 0 0 13 0 0 0 0 0
fl=/build/buildd/eglibc-2.19/string/../sysdeps/x86_64/strchr.S
fn=strchrnul
24 53 1 1 0 0 0 0 0 0
25 53 0 0 0 0 0 0 0 0
26 53 0 0 0 0 0 0 0 0
27 53 0 0 0 0 0 0 0 0
28 53 0 0 0 0 0 0 0 0
29 53 0 0 0 0 0 0 0 0
30 53 0 0 0 0 0 0 0 0
31 53 0 0 0 0 0 0 0 0
32 53 0 0 53 1 1 0 0 0
33 53 0 0 0 0 0 0 0 0
34 53 0 0 0 0 0 0 0 0
35 53 0 0 0 0 0 0 0 0
36 53 0 0 0 0 0 0 0 0
37 53 0 0 0 0 0 0 0 0
38 53 0 0 0 0 0 0 0 0
39 53 1 1 0 0 0 0 0 0
40 53 0 0 0 0 0 0 0 0
41 53 0 0 0 0 0 0 0 0
43 53 0 0 0 0 0 0 0 0
50 53 0 0 53 0 0 0 0 0
fl=/build/buildd/eglibc-2.19/string/../sysdeps/x86_64/strlen.S
fn=strlen
66 62 1 1 0 0 0 0 0 0
67 62 0 0 0 0 0 0 0 0
68 62 0 0 0 0 0 0 0 0
69 62 0 0 0 0 0 0 0 0
70 62 0 0 0 0 0 0 0 0
71 62 0 0 0 0 0 0 0 0
72 62 0 0 0 0 0 0 0 0
74 62 0 0 0 0 0 0 0 0
76 62 0 0 0 0 0 0 0 0
106 62 0 0 62 1 1 0 0 0
107 62 0 0 0 0 0 0 0 0
108 62 0 0 0 0 0 0 0 0
109 62 0 0 0 0 0 0 0 0
110 62 0 0 0 0 0 0 0 0
111 62 0 0 0 0 0 0 0 0
112 62 1 1 62 0 0 0 0 0
fl=/build/buildd/eglibc-2.19/string/../sysdeps/x86_64/strrchr.S
fn=rindex
24 1 1 1 0 0 0 0 0 0
25 1 0 0 0 0 0 0 0 0
26 1 0 0 0 0 0 0 0 0
27 1 0 0 0 0 0 0 0 0
28 1 0 0 0 0 0 0 0 0
29 1 0 0 0 0 0 0 0 0
30 1 0 0 0 0 0 0 0 0
31 1 0 0 0 0 0 0 0 0
32 1 0 0 1 1 0 0 0 0
33 1 0 0 0 0 0 0 0 0
34 1 0 0 0 0 0 0 0 0
35 1 0 0 0 0 0 0 0 0
36 1 0 0 0 0 0 0 0 0
37 1 0 0 0 0 0 0 0 0
38 1 1 1 0 0 0 0 0 0
39 1 0 0 0 0 0 0 0 0
40 1 0 0 0 0 0 0 0 0
41 1 0 0 0 0 0 0 0 0
42 1 0 0 0 0 0 0 0 0
43 1 0 0 0 0 0 0 0 0
44 1 0 0 0 0 0 0 0 0
45 1 0 0 0 0 0 0 0 0
46 1 0 0 0 0 0 0 0 0
47 1 0 0 1 0 0 0 0 0
fl=/build/buildd/eglibc-2.19/time/../sysdeps/generic/dl-hash.h
fn=gettimeofday
43 1 0 0 0 0 0 0 0 0
44 1 1 1 0 0 0 0 0 0
45 13 1 1 4 0 0 0 0 0
48 12 0 0 0 0 0 0 0 0
49 8 0 0 0 0 0 0 0 0
62 8 0 0 0 0 0 0 0 0
67 1 0 0 0 0 0 0 0 0
fn=time
43 1 0 0 0 0 0 0 0 0
44 1 0 0 0 0 0 0 0 0
45 13 0 0 4 1 1 0 0 0
48 12 0 0 0 0 0 0 0 0
49 8 1 1 0 0 0 0 0 0
62 8 0 0 0 0 0 0 0 0
67 1 0 0 0 0 0 0 0 0
fl=/build/buildd/eglibc-2.19/time/../sysdeps/unix/sysv/linux/x86_64/gettimeofday.c
fn=gettimeofday
30 1 0 0 0 0 0 0 0 0
31 7 0 0 0 0 0 4 0 0
34 3 0 0 0 0 0 1 0 0
35 3 0 0 0 0 0 0 0 0
36 3 0 0 1 0 0 0 0 0
fl=/build/buildd/eglibc-2.19/time/../sysdeps/unix/sysv/linux/x86_64/time.c
fn=time
36 1 0 0 0 0 0 0 0 0
37 7 1 1 0 0 0 4 0 0
40 6 1 1 0 0 0 1 0 0
41 3 0 0 1 0 0 0 0 0
fl=/home/federico/Escritorio/Carrera/Orga de Compus/TP2/cola.c
fn=cola_crear
37 30 1 1 0 0 0 10 0 0
38 30 0 0 0 0 0 20 0 0
39 20 0 0 10 0 0 0 0 0
40 20 1 1 10 0 0 10 0 0
41 20 0 0 10 0 0 10 0 0
42 10 0 0 10 0 0 0 0 0
43 20 0 0 20 0 0 0 0 0
fn=cola_desencolar
101 516 1 1 0 0 0 258 0 0
102 645 0 0 129 0 0 129 0 0
104 387 1 1 258 0 0 129 0 0
105 516 0 0 387 0 0 129 0 0
106 516 0 0 387 0 0 129 0 0
107 516 0 0 258 0 0 0 0 0
108 30 0 0 15 0 0 15 0 0
109 387 0 0 129 0 0 129 0 0
110 129 0 0 129 0 0 0 0 0
111 258 0 0 258 0 0 0 0 0
fn=cola_destruir
51 50 0 0 0 0 0 30 0 0
52 70 0 0 10 0 0 10 0 0
58 30 0 0 10 0 0 10 0 0
59 20 0 0 20 0 0 0 0 0
fn=cola_encolar
73 645 1 1 0 0 0 387 0 0
74 516 0 0 129 0 0 258 0 0
75 258 0 0 129 0 0 0 0 0
76 645 0 0 129 0 0 129 0 0
77 60 1 1 30 0 0 15 0 0
79 456 0 0 342 0 0 114 0 0
80 387 0 0 258 0 0 129 0 0
81 129 0 0 0 0 0 0 0 0
82 258 0 0 258 0 0 0 0 0
fn=cola_esta_vacia
64 1107 1 1 0 0 0 738 0 0
65 1476 0 0 738 0 0 0 0 0
66 738 0 0 738 0 0 0 0 0
fn=cola_tamanio
114 20 1 1 0 0 0 10 0 0
115 5 0 0 0 0 0 5 0 0
117 15 0 0 0 0 0 10 0 0
118 293 1 1 48 0 0 48 0 0
120 172 0 0 43 0 0 86 0 0
121 215 0 0 86 0 0 43 0 0
122 43 0 0 43 0 0 0 0 0
124 293 1 1 48 0 0 48 0 0
126 172 0 0 43 0 0 86 0 0
127 215 0 0 86 0 0 43 0 0
129 20 0 0 5 0 0 5 0 0
130 5 0 0 5 0 0 0 0 0
131 10 0 0 10 0 0 0 0 0
fn=nodo_cola_crear
23 516 0 0 0 0 0 258 0 0
24 387 0 0 0 0 0 258 0 0
25 258 0 0 129 0 0 0 0 0
26 387 0 0 258 0 0 129 0 0
27 258 0 0 129 0 0 129 0 0
28 129 0 0 129 0 0 0 0 0
29 258 0 0 258 0 0 0 0 0
fl=/home/federico/Escritorio/Carrera/Orga de Compus/TP2/lectura.c
fn=leer_linea
9 18 1 1 0 0 0 6 0 0
12 6 0 0 0 0 0 6 0 0
15 24 0 0 6 0 0 12 0 0
16 12 1 1 6 0 0 0 0 0
17 12 0 0 0 0 0 12 0 0
18 12 0 0 6 0 0 6 0 0
19 306 1 1 194 0 0 6 0 0
20 190 0 0 95 0 0 0 0 0
22 3 0 0 1 0 0 1 0 0
23 2 0 0 0 0 0 0 0 0
25 470 1 1 188 0 0 0 0 0
26 18 0 0 6 0 0 6 0 0
27 36 0 0 12 0 0 12 0 0
28 12 0 0 6 0 0 0 0 0
29 12 0 0 6 0 0 6 0 0
32 564 0 0 282 0 0 94 0 0
33 188 0 0 0 0 0 188 0 0
34 188 0 0 94 0 0 94 0 0
36 25 1 1 10 0 0 5 0 0
37 5 0 0 5 0 0 0 0 0
38 12 0 0 12 1 0 0 0 0
fl=/home/federico/Escritorio/Carrera/Orga de Compus/TP2/matrix.c
fn=create_matrix
14 75 1 1 0 0 0 45 0 0
15 45 0 0 0 0 0 30 0 0
16 30 0 0 15 0 0 0 0 0
19 45 1 1 30 0 0 15 0 0
20 45 0 0 30 0 0 15 0 0
21 105 0 0 60 0 0 15 0 0
22 90 1 1 30 0 0 30 0 0
23 60 0 0 30 0 0 0 0 0
27 15 0 0 15 0 0 0 0 0
28 30 0 0 30 0 0 0 0 0
fn=destroy_matrix
125 60 2 2 0 0 0 30 0 0
126 60 0 0 30 0 0 15 0 0
127 45 0 0 15 0 0 15 0 0
128 30 0 0 30 0 0 0 0 0
fn=double_at
5 95 0 0 0 0 0 76 0 0
6 209 0 0 133 0 0 0 0 0
7 76 0 0 57 0 0 19 0 0
fn=load_value
9 342 2 1 0 0 0 285 0 0
10 684 0 0 399 0 0 57 1 1
12 114 0 0 114 0 0 0 0 0
fn=matrix_initialize
97 20 1 1 0 0 0 10 0 0
99 10 0 0 0 0 0 5 0 0
100 75 1 1 51 0 0 5 0 0
102 149 0 0 103 0 0 9 0 0
104 152 0 0 95 0 0 38 0 0
107 10 1 1 10 0 0 0 0 0
fn=matrix_multiply
74 35 1 1 0 0 0 30 0 0
79 15 0 0 10 0 0 5 0 0
80 45 1 1 15 0 0 5 0 0
82 55 1 1 30 0 0 5 0 0
83 55 0 0 30 0 0 5 0 0
84 61 1 1 37 0 0 5 0 0
85 214 1 1 112 0 0 9 0 0
86 209 0 0 114 0 0 19 0 0
87 486 2 2 256 0 0 19 0 0
88 495 0 0 270 0 0 45 0 0
89 495 0 0 270 0 0 45 0 0
90 225 0 0 135 0 0 45 0 0
92 209 0 0 114 0 0 19 0 0
95 15 0 0 15 0 0 0 0 0
fn=print_matrix
30 25 1 1 0 0 0 15 0 0
33 50 0 0 15 0 0 5 0 0
36 75 1 1 51 0 0 5 0 0
38 149 1 1 103 0 0 9 0 0
40 323 0 0 114 0 0 76 0 0
45 35 0 0 5 0 0 5 0 0
48 5 0 0 0 0 0 0 0 0
49 10 0 0 10 0 0 0 0 0
fl=/home/federico/Escritorio/Carrera/Orga de Compus/TP2/proceso_texto.c
fn=separar_linea
23 20 1 1 0 0 0 10 0 0
24 15 0 0 0 0 0 10 0 0
25 10 0 0 5 0 0 0 0 0
26 5 0 0 0 0 0 5 0 0
31 293 0 0 144 0 0 0 0 0
33 43 1 1 0 0 0 43 0 0
34 172 0 0 43 0 0 86 0 0
35 86 0 0 43 0 0 0 0 0
40 43 0 0 0 0 0 43 0 0
41 1483 1 1 673 0 0 94 0 0
43 224 1 1 112 0 0 0 0 0
54 672 1 1 280 0 0 168 0 0
56 172 1 1 86 0 0 43 0 0
57 172 0 0 43 0 0 0 0 0
58 38 0 0 38 0 0 0 0 0
59 129 0 0 0 0 0 86 0 0
60 86 0 0 43 0 0 0 0 0
65 387 1 1 129 0 0 129 0 0
66 172 0 0 86 0 0 0 0 0
73 215 1 1 86 0 0 43 0 0
75 129 0 0 43 0 0 43 0 0
77 5 0 0 5 0 0 0 0 0
78 10 0 0 10 0 0 0 0 0
fl=/home/federico/Escritorio/Carrera/Orga de Compus/TP2/tp2.c
fn=cargar_matriz
19 60 1 1 0 0 0 40 0 0
23 122 1 1 74 0 0 10 0 0
25 242 0 0 150 0 0 18 0 0
27 152 0 0 38 0 0 76 0 0
28 342 0 0 228 0 0 76 0 0
29 114 0 0 38 0 0 38 0 0
32 20 0 0 20 0 0 0 0 0
fn=main
35 5 2 2 0 0 0 3 0 0
36 2 0 0 1 0 0 0 0 0
50 3 1 1 0 0 0 2 0 0
51 2 0 0 1 0 0 0 0 0
55 13 0 0 6 0 0 0 0 0
57 20 1 1 5 0 0 10 0 0
58 10 0 0 5 0 0 0 0 0
64 20 1 1 5 0 0 10 0 0
65 30 0 0 5 0 0 5 0 0
67 20 0 0 5 0 0 10 0 0
68 45 2 2 20 1 1 10 1 0
69 15 0 0 5 0 0 5 0 0
70 15 0 0 10 0 0 5 0 0
80 30 0 0 10 0 0 0 0 0
88 30 1 1 10 0 0 10 0 0
89 10 0 0 5 0 0 0 0 0
95 30 4 2 15 0 0 5 0 0
96 30 0 0 10 0 0 10 0 0
97 10 0 0 5 0 0 0 0 0
104 30 5 1 15 0 0 5 0 0
105 30 0 0 10 0 0 10 0 0
106 10 0 0 5 0 0 0 0 0
114 15 1 1 5 0 0 5 0 0
115 10 0 0 5 0 0 5 0 0
116 35 0 0 20 0 0 5 0 0
117 35 1 1 10 1 0 5 0 0
126 20 1 1 5 0 0 5 0 0
127 15 0 0 5 0 0 5 0 0
128 15 0 0 5 0 0 5 0 0
129 15 0 0 5 0 0 5 0 0
130 15 0 0 5 0 0 5 0 0
131 15 0 0 0 0 0 10 0 0
133 1 0 0 0 0 0 0 0 0
134 2 0 0 2 0 0 0 0 0
fl=???
fn=???
0 912 26 19 804 6 0 37 1 1
fn=__libc_csu_init
0 34 3 3 8 1 0 8 0 0
fn=_dl_debug_initialize
0 4 1 1 3 0 0 0 0 0
fn=memcpy@GLIBC_2.2.5
0 12 1 1 4 0 0 0 0 0
summary: 309027 1242 1151 81989 2511 1962 35038 599 525
